30355346.6
27377191.8
22420011.8
29258076.4
18042318.0
27528550.4
29938240.2
20237082.6
15340377.6
16109572.4
22260818.0
34787615.4
26660176.6
20219583.2
25867594.2
19961340.2
12825915.6
23971051.0
19607493.6
23746308.2
13242845.0
15921327.0
14805601.6
23044456.0
17509418.2
29106481.8
36074877.4
18308467.0
18373107.4
28214248.4
22654100.2
28751431.6
20490829.8
22297103.0
25629564.6
26170925.0
28829583.0
33833762.4
25513393.6
27105555.8
23151364.0
36545414.2
20569783.6
20531811.2
22482445.6
26896400.8
16233496.0
24657067.6
22226303.0
25957982.2
26159561.6
20347613.2
17155099.6
22975886.2
22729691.0
25893908.2
21428257.2
25302669.2
28920596.4
22062294.8
19906623.6
23301247.6
20560473.4
31184343.8
28215393.0
32174210.4
26890453.6
25148160.0
27631257.6
16594434.4
22982258.2
26374888.0
32193739.4
25763400.2
18939837.8
15897231.4
22715000.0
27519783.0
24148829.8
27023663.8
13904211.4
13764487.6
12188113.8
18318190.2
22122923.2
24695759.8
19210459.0
18509952.0
29261463.0
19718283.8
22588197.2
22717607.8
15608473.6
13087073.2
10493751.8
15498013.8
16306349.2
15137405.8
13226089.0
12402732.2
15868309.6
13903940.0
12762337.2
14334793.4
17540121.8
13485594.6
17909190.4
30026150.2
21999825.6
22264570.4
22523309.0
16949697.0
19549827.0
17693934.8
15219769.8
17042456.8
21321715.0
19619942.6
18694999.6
23765483.2
19914765.6
16574197.4
19623848.4
16631049.8
17407017.8
19673526.4
14733739.6
12367839.6
15110478.2
13013122.6
13824714.8
17709864.8
18955402.0
15637442.6
15268338.6
13648470.0
15061000.8
18760265.4
18420567.0
14746825.8
21565762.6
18081553.0
16907087.2
17537030.2
17401023.4
14319878.2
18394028.8
13145624.8
14793235.2
28971690.4
24934025.4
19605558.4
31702163.2
33620194.2
24154423.0
28259631.2
23012135.8
12632348.4
19656204.0
16128133.8
15303939.2
19251829.8
21073643.6
13110437.2
16832700.0
17740285.2
14758366.2
16902898.2
15192924.8
17989218.0
19609322.6
21259163.2
16258582.8
18901664.8
17861884.2
16410484.2
15466991.6
15902765.6
16874389.4
15921586.6
17942926.6
16943596.4
20652784.8
20722109.8
12619687.0
17007658.6
18949926.8
13044782.0
15617689.4
22381473.0
13046752.6
20044235.2
24414778.2
15417632.2
18630146.8
15926967.4
17181047.8
18531557.8
24542477.8
14176095.2
19627530.0
18132977.4
18462079.4
15729093.2
17972934.0
15380521.2
20251207.2
18442845.4
16102044.0
13587357.8
22189156.6
15028279.4
20213388.2
15638020.8
17545384.6
15127635.4
20519126.2
14458681.6
14066001.2
16935336.4
14098156.2
14502683.8
21067920.6
17676565.2
16749203.2
17071921.4
15538948.0
14608164.0
22502198.8
17170121.0
19117675.6
21195620.2
23578866.2
25060438.8
26803228.0
18216981.6
18350262.6
19651743.6
14708877.0
17389636.4
21048545.0
16904998.6
18230811.2
19311278.2
15118927.0
15034167.6
19017470.0
17316464.6
24462426.6
20207594.4
16356286.8
15990923.4
20071847.2
15762534.4
16725839.2
19845287.2
15131930.6
23803727.0
24178365.2
24784047.4
27012005.4
36151294.2
18971037.0
19383989.8
22276795.2
18055486.8
20428691.0
23045860.2
14899565.0
14902869.0
24032529.0
19199780.0
20120734.6
23393452.8
20550632.2
18842334.4
26397732.8
26892636.6
25693013.2
26913333.8
27528845.4
29196102.8
31105649.6
29661247.0
29749983.0
35302248.8
30611076.2
27260135.8
34136928.0
27141498.6
29253450.8
36856120.0
25190510.2
24554785.2
24938084.6
21360749.4
23416439.2
26198088.6
25677095.0
20832652.2
27112529.6
24630293.4
25757854.2
25669826.2
19847588.2
18192461.2
26605283.0
20994654.4
23153145.8
26581399.8
19415625.6
18954587.8
25164113.6
27651329.4
30377129.4
26049219.8
22037184.4
22894926.4
30245866.2
23660404.2
16391568.8
23110618.6
19872108.6
19939026.4
25720200.4
21536132.8
21234218.0
26268251.4
24396346.6
23784929.6
26517243.2
32581593.6
19474436.8
21849009.8
21562517.6
19999100.2
21930949.0
19022178.2
21721664.2
22479708.0
26917027.2
20998324.2
24490298.2
20315529.0
19765141.6
18245938.8
23022071.4
22186395.4
23640792.6
16631274.0
13372314.6
13497559.8
18832811.8
15513719.6
21366590.4
19938460.0
18357861.8
21622166.6
26310271.2
21944625.2
25184858.0
25123356.4
21831852.6
19512220.4
20313157.2
25552546.0
17474726.2
21958997.6
21055459.8
19635754.6
22574686.2
25535896.2
20991244.2
23760987.4
23817367.8
20505273.0
19365180.6
25438451.8
19377771.2
25443266.2
19698507.0
18960653.0
21939197.2
21986574.2
17870226.8
25542893.6
30638039.2
27632484.8
23156567.8
25577573.8
19599103.8
25740284.0
20699029.0
18212474.0
17493653.4
22218385.2
19240206.8
21064321.6
23290403.4
18501184.6
19087278.8
31183942.6
30731271.0
33494960.8
17528416.2
13350354.8
21132891.4
20319741.6
12148642.8
16715219.2
11306866.2
12934546.4
17709369.2
16993392.4
14135408.8
22523356.2
23411436.0
18243814.8
18771286.6
18701336.2
14864861.2
18216238.2
16433045.8
10354972.0
11360721.4
18301552.2
16084780.6
16069098.4
13701475.6
9128704.2
11214436.8
18186596.6
11474957.2
14568787.4
15913255.8
24806656.2
12284248.4
15228112.4
16759091.6
17984745.8
20637503.8
16290584.4
13460826.4
14799052.6
14683353.6
15990427.8
16421694.2
16776768.0
13177874.2
16447489.0
15969659.8
19504621.2
14342168.4
12356027.8
16146164.2
16479691.2
14096492.4
16896597.0
14333861.2
13261536.2
13850238.2
13287708.6
17836939.0
18112917.4
17553042.8
11026946.6
11096814.4
14588033.2
18095170.2
18120398.6
15958744.8
10856731.6
14676604.0
12591272.6
19810713.2
16311210.8
15345439.8
9418571.2
10604813.4
9932909.6
14203837.0
21663749.8
17919432.8
10574298.6
10742543.0
11199427.2
15236502.2
13626498.4
14859268.0
10519298.8
10070226.2
15894246.0
19622751.0
21516922.4
17657378.4
16211253.0
21949852.6
22723637.6
20468516.0
16967444.2
19105710.4
12726382.6
13667338.2
12104782.2
20370694.0
15694837.8
19764610.6
11455652.4
13249889.6
17134355.2
34087073.0
18745940.2
20495821.2
20080437.6
25675336.8
14518767.2
18281291.6
18500488.4
18717230.8
12672350.4
14956606.2
15594596.8
17983294.4
18506423.8
18311617.6
13695740.8
9429934.6
13309880.8
23117179.4
18208957.6
16513840.4
14480252.0
25653778.2
19866232.2
20356451.4
20051492.2
24097783.0
25564723.6
13422500.0
21031446.8
17736131.6
17456766.6
20146564.8
20874636.6
12735374.2
13925687.4
14361579.4
13490456.2
12976448.2
16237177.6
10638974.4
11009907.4
10151363.0
18383137.4
18513338.6
20420065.2
12052555.4
12335708.2
10130630.4
18789765.4
15405183.2
13459847.0
11988068.4
13315568.4
10823007.2
19866267.6
19470224.2
20274653.8
12134707.0
11738769.8
10528538.2
18004676.0
14421039.6
14510578.0
13456814.4
12743622.4
15185585.2
17032769.0
27146785.0
17777785.6
18289693.2
16598576.2
11184665.4
24607472.2
28844156.0
27416344.2
18976524.0
18733597.4
25648586.2
23024466.8
18353720.0
15225941.2
11070299.8
13224201.0
11471865.6
14987781.8
15874150.6
21897507.8
13669910.6
24440042.0
21265641.4
19669066.0
17797267.4
24822090.6
26648459.2
15590573.0
21387146.0
29244766.0
32319751.6
23016737.8
15740574.6
12374435.8
10367314.8
11956892.8
18215400.4
19224843.2
14011272.8
12569017.8
12567354.0
28525390.8
23427153.6
16706286.6
11146681.2
18410784.8
10888485.4
12121845.0
20885351.0
21461096.6
13921793.4
16294867.8
15696513.4
11560188.6
20163096.6
21461179.2
18840682.4
23900723.0
24861998.2
22917535.2
28014592.4
20327352.6
16173540.2
14476133.8
23641571.4
24982263.8
26857390.0
30798483.8
19929220.6
18496641.6
25782362.8
24156558.8
16549087.0
20089358.4
18641002.8
18969703.6
19396568.6
30087769.8
31393970.8
31796044.0
26972274.8
30554436.2
22922621.0
23402916.4
24104556.2
24663652.0
20892159.6
15927758.0
16442934.2
17905839.2
20265048.6
21648162.0
15993165.4
15321037.4
16788037.0
10521104.2
16347248.0
22625131.2
13866593.0
10118653.4
13100666.8
10263545.6
11495725.2
16837243.0
9326578.4
8524992.6
8367509.8
11728114.4
13792642.4
20528259.4
18737196.4
14716912.8
15229599.2
13946231.2
16533994.8
18945100.6
21180504.4
15780564.8
19606242.8
19183838.2
24190896.8
24155367.0
18926067.2
11688324.8
11990440.2
12260011.2
13697168.6
17406510.4
12354765.2
16620205.6
22308041.6
18348256.6
17111475.0
18708085.8
14801908.2
10148578.2
10299217.0
10158100.8
15016479.4
21742904.2
13446194.4
9863702.6
15924241.6
12555707.4
16428042.6
19564234.8
14673406.2
13800666.4
16313901.2
12354576.4
17511164.6
19174327.4
12156619.6
14150607.2
11696679.2
9341965.6
14011036.8
22201239.8
10964359.4
11271124.0
15849370.6
14298213.4
14333035.2
18969514.8
9441534.0
8045558.6
9771686.2
9046210.4
24086042.0
18025007.4
12800356.8
9664129.2
9788241.6
10121497.2
14212167.8
16881056.4
14644614.2
9560383.6
12582882.8
17049501.4
18244452.0
21218559.4
19086087.0
12906769.2
13344985.8
13895267.0
17378261.2
23531536.4
14606960.4
15166728.8
34630392.2
22801718.2
25380018.2
42705214.8
23451331.8
20374080.6
23166385.4
30349493.8
23498213.2
25831037.8
26759107.8
22683234.4
26450372.6
23046450.2
24045237.6
30260474.6
20363696.6
18861084.6
17309774.0
14406407.6
14333448.2
22281727.6
15728279.0
21527707.6
16080084.2
15571315.4
19627081.6
23180191.4
17854957.6
16583389.6
19223167.6
15831021.6
17903550.0
20919193.4
17319155.0
13286811.8
13994988.8
12327507.2
28172995.6
28134869.8
17771401.8
15598656.0
17821504.6
18258305.2
18095323.6
21388078.2
14748064.8
19284409.6
15713529.0
15355552.4
18671128.2
21026313.8
17213025.8
22042246.6
20871698.4
18705194.8
18894856.2
23182291.8
17715623.2
20924114.0
17055944.2
60845425.6
63526114.2
36074971.8
20410672.4
23695780.6
16858081.8
18706870.4
17802117.2
20845644.0
18155196.8
21201768.0
25185141.2
21610284.0
21241345.2
21424941.4
18460793.2
33290738.2
24803399.4
20029343.6
21863771.6
27842513.0
20264423.2
30529467.4
24758040.2
25624844.6
18594097.8
42535766.8
29510124.4
41181893.8
24428560.6
19321331.8
16762690.6
33945496.6
33143875.4
31995499.4
21779885.4
22241631.2
17398085.2
18667092.6
17816489.6
23058049.6
25215667.8
34106932.4
26382286.6
26704462.0
34366013.2
52127160.8
35254458.8
29816440.6
19662410.8
28889562.4
20758442.0
23510154.8
25166355.6
16229590.2
16643675.8
16524448.6
17788924.8
19751170.4
15771018.6
18061009.2
15685079.2
17193579.4
24665929.4
23377463.8
18559936.8
19368036.2
16112923.6
20422531.4
23753565.2
21575049.2
16099400.8
14636908.8
18039969.8
15982628.0
21826294.8
22893687.4
15195615.2
12553866.6
14439211.6
13125163.6
15546830.4
21658215.6
16560521.2
17885106.6
16279398.0
15904830.6
22395314.4
20033603.4
19318688.6
13602414.6
15279961.6
15646741.0
21430912.2
20572320.6
17163513.0
19358254.0
15516445.4
31626135.8
16554975.2
19315821.2
24728634.6
13307756.8
12216020.8
17454678.0
20002746.4
28120473.8
19861606.6
20038476.8
13723730.4
18334863.6
16432101.8
25349114.0
22223990.2
21755919.6
27043181.0
20987916.6
23600708.0
36515560.2
25811178.4
25423159.0
23039110.6
31914103.0
23741954.0
35885216.0
33468328.2
25560286.8
25475126.2
20330007.6
22820975.8
41213635.8
36005965.4
20130127.4
18123100.8
17126626.2
15105416.0
30137129.2
16446250.0
18278436.0
13079415.0
14003909.6
12976306.6
16928079.4
16471808.8
19954083.2
11450861.6
13713287.4
14502530.4
19756928.8
18675624.0
16494040.0
13319285.4
20383095.8
18968181.4
19682352.8
16656868.2
19087267.0
12974701.8
13541219.8
10735463.0
14235390.2
16399887.8
14769222.2
11921079.8
14140884.0
14629073.6
18695542.4
17741512.4
16235419.4
14011390.8
15807681.2
12272129.8
18837118.8
17130024.6
20658378.0
13655668.0
22703601.2
39525185.6
35406230.4
18796680.2
16935430.8
13091132.4
14845934.0
13015411.8
18803241.0
18984666.0
24862187.0
17661921.4
37732128.4
73947107.2
36785154.8
18769127.2
20854836.2
15813722.8
18424319.4
17589658.2
18774897.4
24153231.2
23362938.0
14583089.0
17432871.6
18509975.6
20123672.8
26158440.6
24912785.4
17203007.6
19321768.4
18100621.8
19109533.6
26839324.2
24459783.4
18066118.6
19576731.0
21837858.8
20384110.6
23988585.8
26264994.6
20699678.0
17755165.0
22064371.6
19512763.2
31791819.6
33542491.2
19223580.6
17773820.8
19852756.6
22955047.4
28399378.6
31482459.0
23534545.4
19479593.4
18339418.4
26295379.6
26852587.4
26267626.0
21303602.0
20501839.2
22269491.0
22423929.4
25483669.4
25608891.0
18227330.2
19746887.0
22736039.4
23397323.2
31781707.0
26538495.0
20506299.6
23509199.0
21042161.2
24514181.4
25353893.0
28660937.4
34575534.0
32160888.2
35418762.0
26545634.0
33272165.0
33473201.6
28896713.2
31609486.0
37222274.0
34779886.4
43078885.4
30146061.8
22802320.0
21661649.4
30648824.4
31934965.4
38136597.0
41313098.0
33981522.0
34779579.6
32175673.6
24333334.6
34366202.0
34528534.6
29927136.4
30558684.2
27549601.6
29891382.4
31316728.0
35715296.0
30566885.2
23287099.4
28117571.0
27814971.8
29891760.0
33708859.4
33959243.6
31049882.8
38420528.6
36497931.0
40941704.8
45904017.8
49633632.0
44791159.8
43536395.0
34334448.2
38848644.4
34727683.2
42548475.4
32297485.0
34258786.6
38600820.8
35944192.4
38072251.6
34304476.2
31900662.8
28641491.0
28195085.2
40886197.6
37951407.8
30936296.0
22322071.8
26302365.2
25864797.6
27580966.0
30466290.2
118370543.6
62219476.6
39627302.8
26094248.6
33794893.2
37119838.2
56866937.6
33557854.8
35804858.0
26403514.8
33673447.6
29872231.0
28528529.6
24764093.6
25343815.8
30742823.2
32817298.6
38621341.0
28034829.4
28940349.6
29070963.8
25180031.8
25495150.8
37248116.0
28506451.8
28520458.4
24788142.0
31734436.2
33275610.6
42664752.6
38071555.4
27582264.0
26900389.2
30367972.6
29554126.6
31198433.0
34668128.6
31472464.4
23992114.0
22156541.4
23454683.0
30531497.0
41928845.6
39741680.2
23991972.4
24514429.2
23846443.0
27439838.0
37360983.0
30505678.6
27984136.6
25403276.0
21651076.6
32025377.0
33921920.2
31366111.0
24436266.0
29973545.8
28767444.2
34741595.4
47251164.8
34098471.8
32032598.6
28245601.0
35758118.2
23224040.2
33633705.2
24533627.8
33237071.8
19250236.8
17483989.2
31173936.2
21851912.6
20032104.8
17865908.0
16500577.2
16865869.8
21421413.2
18760489.6
20730334.4
27238636.2
19642350.8
21819309.2
22246917.6
25082528.4
24471229.4
22684261.0
25859369.6
17757536.8
17613305.4
21430794.2
18575902.2
19314818.2
19011180.6
14869935.2
18213359.0
17075072.0
16929530.8
19826442.6
21899620.0
16070608.8
17777384.4
16663169.4
16452209.0
22307439.8
22039721.4
23699863.4
20640630.8
20148393.8
19228383.2
22934208.6
23077802.8
17632763.6
24347353.0
21304074.0
33812369.0
35793860.4
33806870.2
34515932.2
37271999.2
30831818.8
21167642.4
27487250.4
25885978.6
23516302.6
25538315.2
22836599.0
23119716.4
23730555.2
20823825.8
22868824.8
20523728.2
20273910.4
23735169.0
26856434.2
28263761.2
27441454.6
28449859.0
21328783.2
19971641.6
16767564.0
17024332.0
12859156.2
16613314.4
17475764.6
14944700.0
19496868.6
19962850.6
15320836.8
17929604.4
28327516.6
16366352.2
19807338.4
25859416.8
25936246.6
26508593.8
27083206.6
25064934.6
25270927.2
22985574.0
21151393.8
17964095.8
22206644.2
25254761.2
22933831.0
25292179.0
28344544.0
27276266.4
28001293.8
24265708.8
21117398.0
25766267.6
30808797.0
32977377.4
24454060.4
26708226.2
24722392.4
29151451.6
34322553.8
35783677.0
29290868.6
26631585.2
20703902.4
23115857.8
24870506.0
23753305.6
27266319.0
26204555.0
24454013.2
23682198.8
29551813.8
25167736.2
25948412.4
32342372.2
26730056.2
26754718.2
26921287.0
32470779.8
29090256.8
26923753.2
26972994.6
27171506.0
32872109.6
26868918.6
28855956.0
28053379.0
26485182.6
26758376.2
25016354.0
25207702.8
26126297.4
35499403.2
24513473.4
33426650.6
30176435.0
27162160.4
24911404.8
27927508.4
21868527.0
24766642.4
27596011.0
23924960.2
24023915.0
29348299.2
25068604.4
24655203.2
22054648.4
22015083.0
22126439.6
26757892.4
27742602.4
23739464.2
23716902.6
25870886.4
22997374.0
20894460.6
23251439.8
19132048.0
23380567.2
25041924.6
23160461.8
32361405.6
25973688.0
28555374.6
27991370.0
24608864.6
26243931.6
26577800.8
27538686.6
26577635.6
31195459.4
36158433.2
34377801.4
35139326.2
32729707.2
31315158.6
26862841.6
25703208.4
28000774.6
30370863.6
29057275.8
25105385.0
28171379.0
27881689.0
29502548.8
29719067.0
24980883.2
36873772.8
21552322.4
22817683.6
26392694.2
24231689.4
22554579.0
21284816.4
20013071.4
97130897.6
31453018.0
21301489.8
22256912.2
23825710.4
24714380.2
26122733.8
23239899.4
21650156.2
22988299.8
24004952.4
23680299.0
23257634.8
26059226.2
27650149.4
23626019.0
29374695.8
26964569.4
23055512.6
28280375.6
33815897.2
34753938.2
38076346.2
32104802.8
28376168.0
33590151.4
32943558.6
29215549.2
27692464.2
24703512.4
19734343.6
21823533.6
24540235.8
35231271.8
25987564.8
27365262.0
40120365.8
45633432.0
50980814.4
48450847.2
43615148.2
33271008.6
28424701.4
27197584.0
32214519.2
27756538.2
30261064.6
29999942.4
26368598.6
27349886.6
27999264.2
28942709.6
28613135.6
26597329.8
32672028.8
28442071.0
24523361.8
27403482.2
29209200.8
27649807.2
26076489.6
26107181.4
45721471.8
51587924.4
58619001.6
16812333.2
21173046.8
21501134.0
17017735.8
19932288.6
25620691.0
28214814.8
26876081.2
25741180.8
28766712.6
27388708.6
28422813.4
24243383.2
20152394.0
18954446.2
16908762.8
14461549.0
12734040.8
13344667.2
16097194.2
19606986.2
15166256.8
19143140.0
21807981.2
17880469.2
15899591.4
14466280.8
15024114.0
13633035.6
15610467.8
16124853.4
16263916.4
21201237.0
22767911.2
17974019.6
15111245.2
18852458.8
18031780.6
18854748.0
16501308.8
17159583.6
15122620.4
16944446.0
15732892.8
18799347.0
24097724.0
27868307.8
36957151.6
38512415.2
18932604.4
15470118.6
15122762.0
29405765.2
22250575.6
18765846.8
23698553.6
22795959.8
23574500.2
25978089.4
29528320.0
26725194.6
28409680.0
27131220.8
30587275.6
27484288.6
25862815.2
28508882.6
27534969.6
33791341.4
32137536.0
30141754.8
35476534.8
31649735.8
32906011.0
32243264.0
32181998.4
30036994.4
26596256.0
30992334.2
35413829.6
36893172.0
28257424.6
26252227.0
26197675.6
32788837.0
31998048.2
30847524.6
26745703.0
27601946.4
30222691.0
28416948.8
29852112.0
29275870.8
33181033.6
33809454.4
33872112.4
33952175.4
33065440.8
31405039.2
28715984.4
25470972.6
26139761.2
27231237.6
28941517.8
36571964.2
40879861.0
37260517.8
26103547.0
28207829.2
29151192.0
28186317.8
27434303.8
27862219.0
30241335.0
31251273.4
29229709.2
28250108.6
30149448.4
32857973.2
26706975.4
31018542.0
27692523.2
29418792.4
25194321.6
24613903.2
26379667.0
30581033.4
29168526.2
27766568.2
28593181.8
29899748.6
32901715.8
28527526.6
29803637.6
23454447.0
28244515.4
26156989.2
39699530.6
44983912.8
35974365.0
25211384.4
26429982.2
48236771.6
44454246.2
41282182.0
25581090.2
31468629.4
27982130.6
26575818.4
26693983.6
30569304.2
29802929.6
34098955.6
32155967.6
29952471.0
25792475.4
28617277.4
34071402.6
32613736.8
33858200.2
36681456.4
41713696.2
37523917.4
33069393.8
31808186.2
26582320.2
30222301.6
29851380.4
22773421.8
20028918.8
17920070.0
19499240.4
16374612.2
14272100.0
15117239.6
14177322.4
10432368.2
16019668.2
12497132.2
13121198.8
17183112.8
15878021.0
17248720.8
13627666.6
15689126.6
12557949.4
13994245.4
12847427.0
22077717.4
20147060.4
20697565.8
21143570.4
15948266.4
20368204.2
20437895.0
22640282.4
28945246.6
16883156.8
18669665.0
19852001.4
19669974.6
17191774.0
26064937.4
26858900.4
22865792.2
16976093.6
17267825.0
14954682.8
15345605.0
13584950.6
17193048.4
19211426.6
20029072.2
23262992.0
20387686.0
18216120.2
23628202.0
15892310.8
11997555.6
11680973.4
13986422.0
8883854.2
10409641.4
10663860.6
10631977.0
13491246.8
9905805.0
8113314.2
11568826.2
15812814.2
14715650.2
10765848.0
13345068.4
16281345.0
19238767.2
22422206.6
20094220.0
17522480.8
12475550.0
10567360.2
11317427.2
12731680.8
17354283.6
13592302.0
17305443.4
16735621.4
13958987.0
12311718.8
10164036.2
11936372.6
13935021.2
13719411.6
13881862.2
15612367.6
17162864.0
19078251.8
20470616.4
17219102.8
20092332.0
21333467.8
19304375.2
18574403.6
20800072.4
18929961.2
21173495.2
11673043.8
15847553.4
18988406.6
8250701.6
10304007.8
14336646.0
10351538.2
15200288.0
11352131.0
14876578.6
15427343.6
19244915.0
15529803.0
13692177.2
12957084.4
13219622.6
10294355.4
7364391.8
7046700.4
9635797.4
10118688.8
10148342.2
12667724.8
10757033.4
13346779.4
12018807.4
9435421.6
9152976.8
8941733.2
8520980.6
9958362.2
14006552.8
11031053.0
7366787.2
14650596.8
10969362.6
9786164.8
23762108.4
21263305.0
22106320.6
18919919.4
15801781.2
9445180.2
8923254.4
7794962.0
9269608.0
8369256.2
8135167.8
8956388.8
8041912.4
7897622.0
6789661.0
7998960.4
12700045.0
10209749.4
11327457.2
7192760.8
6214788.6
10479355.8
10046944.8
11712585.6
10033245.0
19960738.4
17244189.6
9753962.6
10169086.6
11519230.8
18047038.0
14673890.0
23303831.8
9801304.2
8624053.6
12006240.4
14176508.2
11873372.4
12703714.8
13511590.0
14908804.4
19120318.8
18736748.0
17100170.6
2913420.0
