30790259.2
28112544.2
27984962.6
29209236.2
30950243.6
34960237.6
26434289.2
22923529.6
23545908.8
28140439.4
28304105.4
42630155.0
44880639.2
33034159.0
30780819.2
30174311.0
34640351.4
36764032.8
31186444.2
40141570.4
36003428.4
37141621.0
32257990.4
34913084.8
28822184.4
33821809.0
37186012.6
30244426.6
27320386.6
30894689.2
35089317.8
35131172.4
37896266.4
39321871.6
35593980.2
37434508.8
33119402.2
30314306.2
29727374.2
37678367.6
35005136.6
37135083.8
31621309.6
38337692.6
29392513.8
29921850.0
31149840.6
30382899.6
29903123.4
32835069.4
33818257.2
33312721.6
33498831.2
33815684.8
31523617.4
34011612.0
31937360.8
34236826.8
31305069.6
29744920.8
33128028.0
36111339.4
28501401.4
30478951.6
33696068.2
32898376.4
34944307.6
37238097.8
49866363.4
29951066.8
32951146.0
28610858.2
38322683.0
33110257.2
36526133.0
32590656.0
28261684.4
33828948.0
29600394.4
30289018.8
31564917.4
37066006.6
34526516.8
37162023.2
34841565.0
25470960.8
35704499.0
27674811.4
32709541.0
37524896.8
35905063.6
33067907.0
27307784.2
26415810.4
32723948.8
34948484.8
36182941.8
26395998.2
28523396.6
25202876.6
29987611.4
38598071.4
37369113.2
24881562.6
34146120.2
39689300.0
27518968.8
35256252.4
53342938.4
33771045.4
31656473.6
31856660.6
22421180.0
22739532.2
27689844.6
30782188.0
31278979.8
36207485.8
27141557.6
32139966.8
28959005.4
27186197.0
27986732.6
30323498.4
27366371.2
29394826.6
28301308.8
25742502.4
24303126.6
24621667.6
29287139.8
23409241.2
25864042.4
25872101.8
30876234.0
28398729.6
23750532.6
27465337.8
28106266.6
27563089.0
30350119.2
38071496.4
37013579.2
28863555.2
34983318.4
29189270.6
33714783.0
26201982.6
30360762.8
28249495.0
30174877.4
30695233.8
33801878.8
30376362.4
28662318.0
26936922.0
21626426.4
25667950.0
21927963.6
26194772.8
25032000.8
27675000.2
19877642.8
23380284.0
30708827.4
28878718.2
26613401.4
27849404.2
29005084.4
29782326.8
23741281.4
24389195.8
22215411.6
35362830.0
43050530.0
35192615.0
28119978.2
29881718.2
30160033.0
35165392.4
34108513.6
27502472.4
26555062.2
22756429.8
25368820.0
20645103.0
23867470.6
16594375.4
18384730.4
20381974.8
19877159.0
22156022.2
23415672.2
23551242.4
30997455.4
29129102.4
21859771.4
20433835.8
22604150.8
25377174.4
29453071.4
24349111.2
28443734.8
52225466.6
33750761.2
20040246.8
24186967.4
19276031.6
23809591.6
21098246.6
26537598.2
31477857.0
32303491.2
30567463.4
24752954.4
21437579.2
24549333.6
30379902.4
28023371.6
22632105.0
31672403.6
33932233.4
26863301.8
22025254.6
26319534.2
26695706.4
25421235.6
24421409.8
27238943.0
26917227.8
26351618.4
21351698.8
22450892.4
28827801.2
25809078.0
25961770.0
26317115.2
28937175.4
25418132.2
30121529.6
43855372.6
37161928.8
30577292.8
25514373.0
25414615.8
24924373.0
28459204.6
31986531.4
24119742.8
26971850.0
27586205.2
36472749.8
44326676.4
29697355.0
38701994.0
36068186.8
34185756.4
42795803.4
29545123.2
28628900.4
26525196.4
33836901.2
29689991.8
26144434.0
35280808.2
50768485.2
72438194.0
51997939.0
41757450.6
37043279.8
40762604.4
33374695.2
28871791.6
26989632.6
35254730.2
30809387.0
30302541.6
33276743.4
25603356.8
24749001.4
24910236.6
26854121.4
30502823.0
26879526.8
29978112.4
28177821.8
30831512.0
38862061.0
35973468.2
30266728.6
26104030.8
23078121.4
26336490.8
25754290.6
25778504.2
28567670.2
29187736.6
39942445.4
67920245.4
44642999.0
49574148.2
43479719.6
38437827.4
25942134.8
33700446.0
31084834.4
22040217.0
19770569.6
21670888.8
27513257.6
24699111.0
28055762.6
24484091.4
27111703.6
24370386.6
26710397.4
29115886.4
25131156.2
24587140.8
27591385.4
30613200.2
32642269.2
26045408.4
23228772.0
24772790.2
28267230.4
24126799.2
26693299.2
23850301.6
28089085.8
26091794.2
26242031.8
24319151.0
23357451.0
20604640.8
29333856.0
23024679.2
17972768.8
19567527.0
19209715.6
19001846.8
23922541.2
29332794.0
30617247.6
20478109.4
21179076.6
34376951.8
44841156.4
37033072.8
28506192.2
19767572.4
25873529.6
25168987.0
22643787.0
27852625.6
20158223.2
21173259.2
20117831.8
24623638.2
21951351.2
25767754.4
29031492.8
27794605.0
23691214.0
23904168.6
34263896.0
29638921.4
21126672.8
21711657.8
19917621.2
21797715.2
24758984.2
23851705.8
21359935.2
22770094.2
23789519.8
31829851.0
24055255.8
23549448.8
22862240.4
19346324.2
22824020.2
29701662.0
28882317.2
25954123.6
29559719.8
29295801.0
25997240.8
26708686.4
22591973.2
21331308.4
25220246.2
22715330.4
28909327.4
32508256.6
26690018.8
18488900.8
18651410.4
22805152.0
24243607.4
24750677.0
27088552.0
24537191.4
27904238.8
16260919.2
19072635.0
31649617.8
21357539.8
19181171.4
20111967.2
17155571.6
17825457.6
21651949.8
18983474.2
25096098.4
29762030.8
30268545.8
31826735.8
35453784.4
25150107.0
26978009.6
23434210.0
22875527.2
18845756.4
21470890.6
22998801.8
27352376.4
31302426.4
33389516.0
29875393.4
36612933.8
45682897.6
30914525.0
29547919.8
23766132.2
26717288.6
18346887.8
22993940.2
26910159.6
22883185.4
21446181.4
17810754.8
20015655.6
17472212.8
22757657.0
49085970.4
57276020.0
38959694.2
35022529.8
23229220.4
30851513.0
37112687.4
21590684.2
17855276.2
16460115.0
22113341.6
25443820.8
22089293.2
19907272.6
31065034.0
23279358.6
30052074.8
21685296.6
17211987.4
21663667.2
18316278.6
26703824.8
18977232.0
29017297.4
19531997.2
20700775.4
23170185.0
21752108.2
34078411.8
34983873.0
41693813.2
51036840.8
34892222.4
50203430.4
36053495.8
31337165.6
35115041.8
35656543.8
30578626.2
34657485.0
31286130.6
30990056.8
27774120.2
28758688.6
32418553.0
30070872.2
28610221.0
17835652.8
26404612.2
31878396.2
22884861.0
40359374.8
30109045.2
27001184.8
23676818.0
24665752.4
28531810.0
28412677.2
35402442.6
32881301.8
30453027.0
28399956.8
30429556.8
28902577.8
23827763.6
25197106.4
24116415.2
24897398.2
24854340.0
20853196.0
34982044.0
24542536.8
26505667.4
26974575.8
27377121.0
28705600.4
25606070.8
26933570.8
26465736.2
46154189.6
45275549.8
31429359.0
25497782.2
23874007.8
25094210.4
25899005.8
21161695.2
23406904.8
22800904.0
25371840.8
21215762.8
21634651.0
29903666.2
22647574.8
22877438.8
19138585.2
19602266.2
21005003.0
23628320.0
23089768.0
27309318.2
26885403.2
26632387.6
23219119.6
16506795.8
20537817.4
20780897.4
17986350.6
18342734.2
30174499.8
22695069.8
24745768.2
22924556.2
29113030.8
30975495.6
25171559.4
21100724.6
24952362.6
22451600.4
19781673.4
20608357.8
27852790.8
23073767.2
20781770.6
24209045.2
21105845.8
25047989.8
27184073.0
24909953.4
37622671.6
19171719.6
21370236.6
20145526.4
23602289.2
27044042.4
24484056.0
21578789.8
22229701.4
21868692.2
27772244.0
24295999.4
19736904.2
17716862.2
20963502.4
20978995.8
26872635.6
18651209.8
22317941.8
17461557.4
17170191.8
19277695.4
25813455.8
38702430.6
31464900.6
21872055.2
20307729.2
38907786.0
27332646.8
20104686.6
30527237.2
38850980.8
33476187.0
23982815.6
26214467.0
20989226.4
25896787.4
20548083.4
26244297.4
21330978.0
22728640.8
29191312.0
23675638.0
13867655.0
14454221.2
21761099.8
23581474.0
26879857.2
19389004.8
26902029.4
27204923.6
25110612.4
24476539.4
20642235.6
14855562.8
14813602.0
15995348.4
15672217.2
26353636.2
20824227.0
15125771.0
17446736.6
20472775.8
19757389.0
20595932.4
23195614.0
21494868.2
20297298.0
24370846.8
32870327.8
32679002.6
23088175.0
22894584.2
20278677.6
18655233.6
22447600.2
28338844.6
20534572.4
23720478.0
18301363.4
17613848.2
26912519.6
27387422.4
18536171.6
31823195.8
35956936.4
30141660.4
19543514.0
19359221.6
28577369.8
22961938.6
25280202.0
21918924.8
19239829.2
19365581.8
20963313.6
18055439.6
18656071.4
22154983.8
16914438.6
20433717.8
19662292.8
20808285.2
25316439.8
18003602.2
16845432.2
16417387.2
21602342.6
25348724.6
24162765.6
13823416.8
19953670.2
15592803.2
15777166.4
18658950.6
19260845.0
19801580.0
17692743.0
17354118.4
16863049.6
16507551.0
18804881.2
17260119.6
20182236.2
18941124.0
17157837.2
17418251.4
19398610.0
26882465.0
18211494.6
27078793.4
16628855.0
18780301.8
24269897.8
30993856.4
23292114.4
23019251.2
17660163.2
18589318.8
21333161.0
25034738.4
24006840.4
24425280.2
20512270.4
17092500.6
14364848.0
17140550.2
24647792.8
22996371.0
27893441.8
25448599.8
23031310.8
25339308.2
34044274.4
31958010.8
28746522.8
34937050.6
37596640.8
31454658.2
56860164.4
55976132.0
77876766.8
56676308.6
46860230.8
69412036.8
41151579.6
38537549.2
37282796.2
43993161.2
36564848.8
34272333.0
34690418.8
45378351.4
25989759.6
28475205.4
36278946.6
34920259.2
31557518.8
24691570.8
23508278.6
30512676.0
32682719.6
37373361.2
28987608.6
29566917.8
36640793.6
19567857.4
17218630.8
13418157.6
19412475.0
22010162.4
30281124.6
22283839.8
18882548.8
21062905.6
18909948.4
12822151.4
20703631.0
24196785.0
24984081.0
21945297.8
17293891.2
18224781.4
21419065.0
22593743.2
25561289.8
21279294.0
18977196.6
22505160.6
19281754.6
19929385.8
21318871.2
19238826.2
19934188.4
18763640.2
29665672.0
24522913.4
29400608.6
23410633.6
26695954.2
26697205.0
31510661.0
28048517.4
25207384.2
24277355.4
26663598.6
25745133.8
23638656.8
22266883.2
20003324.6
17979565.6
18705430.8
21040155.2
22085068.8
28848557.4
22771581.0
27687107.0
23053152.6
19673904.0
23405394.4
25379263.0
27633523.2
30237334.8
30724981.6
33068851.0
25124076.2
21083638.2
21202063.0
21585433.2
19358973.8
23981612.0
19112165.0
27328351.6
22861650.4
28709931.0
31652272.8
21586849.2
23527725.0
23876426.8
32544907.4
25813644.6
35366948.2
26231647.8
23327597.0
28560259.8
24819789.6
26279579.4
21894144.8
27010034.8
28050629.6
31517752.8
34951588.2
27066379.8
23981057.4
26893026.0
27718070.2
22423292.2
24342255.4
26138604.8
22647173.6
30556572.0
32501318.2
25957687.2
32898341.0
26627502.4
22783687.8
19617016.2
20008965.0
22834404.2
29446675.8
34335557.4
29011208.6
29429624.8
19904157.4
28389714.4
24568603.0
25788192.0
40624792.2
78250000.8
67710063.8
30373872.6
29461803.4
35614594.8
31297517.6
33770042.4
36737636.2
34957582.6
38687893.0
42062822.8
38415926.6
44542404.0
37803435.8
31502070.6
29759942.2
25448316.6
31448168.2
25220376.0
25956896.6
20005708.2
29045228.0
26048901.2
30506115.2
34674264.6
27621994.6
27013893.4
22190053.4
32831258.0
27239615.6
33558079.0
22351949.4
22881226.6
28827695.0
19043512.6
20135390.2
16141644.8
21570093.2
36561143.6
31508513.4
34615571.4
40435968.6
41984376.4
33383545.2
48262271.4
38787650.2
41606929.8
26580031.0
24082714.4
19901821.0
20787127.8
29878249.0
30639691.2
35119832.6
25168892.6
25766126.0
18171126.8
23932724.6
26479282.6
17279896.4
17308535.0
20003973.6
19238082.8
22137319.2
32544565.2
19380284.6
18661275.2
18802108.2
30495188.4
26047792.0
30641036.4
26707305.8
19144402.6
22542507.6
25806139.8
25924552.8
18817802.2
17400516.0
20916326.0
21092134.2
34785208.2
26505820.8
27899566.0
25551944.2
26531745.4
29254784.2
26446360.6
32916619.2
29930511.2
23346949.0
27218210.4
23109674.6
26224343.6
28597689.4
25356312.0
30666701.4
23004312.4
26269183.6
19849240.2
19618125.4
20418967.8
20084308.0
25395240.2
22933382.6
24900560.6
23727794.0
34807026.4
20242286.4
18049339.0
22213157.8
21896917.8
28070854.8
26615997.4
27142690.4
22309516.6
27106676.8
24706958.0
23929031.2
25014737.4
23114123.2
31720512.2
36201043.0
36229764.2
30222089.2
32569274.4
34571191.6
24948692.8
26328903.4
30080418.4
25703515.2
23094747.6
28961282.8
28307787.0
30962787.0
29339956.6
24520730.4
29040024.2
31006588.6
43142912.2
51563793.4
36336920.0
29817101.4
23549283.6
22626924.8
22639397.4
20948787.8
21442960.0
23126513.2
20875462.6
24925741.8
23790050.8
22025018.6
18661051.0
26041030.6
26319557.8
31223720.4
27207802.8
29100994.8
28121677.4
26396387.6
26837507.0
34153837.4
20090609.2
19341002.4
24673174.6
24614717.4
26123300.2
17511235.4
25367781.6
17459988.0
37054088.6
45406034.2
18717950.6
24624027.6
19067478.4
19744114.0
22512936.8
22702338.6
21085549.8
22052146.8
19682317.4
21637211.6
19213527.0
16803931.6
19455828.2
15803291.6
14098498.4
17587699.4
21040603.6
15878516.6
19714472.4
19471534.0
22471471.6
22739638.4
23613369.4
23742072.0
24661256.6
23883046.6
20034594.6
23593191.4
23404084.6
20136440.4
20162388.6
23908334.0
26970752.6
23471675.0
23305778.8
30031660.8
25050255.4
23752845.4
21310634.8
23276715.4
24138764.4
21935149.8
29724837.2
27879388.0
23836601.8
24633703.6
24162081.2
16823024.0
22057362.4
18701666.6
18295864.6
18907387.8
13358272.6
17835652.8
19936170.8
35099784.4
27815172.4
22541504.6
21806754.0
24058359.2
30070600.8
22493667.4
23038697.6
29460139.6
23065660.6
23109733.6
20716788.0
20099872.2
18512843.0
20151497.2
26559605.2
19846302.0
22425593.2
25548427.8
24742133.8
25938795.4
31242057.6
21052026.0
22530129.4
25570517.4
28039938.8
22774955.8
25119285.4
22963838.4
20075104.0
23905808.8
26706420.8
20978323.2
26479034.8
37314337.6
32779515.0
54236068.6
47913782.0
40638574.6
32431179.0
32421455.8
24624900.8
31296373.0
26315510.4
25298787.0
26058589.0
29869941.8
31711107.6
26182843.0
26807558.6
32352980.4
33543222.8
31348316.6
44267287.0
36519666.6
40248962.2
44008749.0
34666724.4
39871267.8
34839511.8
35077116.6
38581197.4
25967658.2
34331403.8
29076439.0
31624684.4
29807460.8
26840197.4
31917277.2
30356632.8
33692056.2
27748419.8
21433095.2
29327189.0
29467868.6
26861177.8
26904153.4
28666601.4
27062485.8
27318014.8
27332694.0
27850442.6
27475733.6
23629028.0
27176001.8
30730822.6
25235928.4
26692131.0
26472249.8
33447170.8
28223936.2
29916221.4
31473455.6
25847864.6
28216006.6
24096060.2
39250823.8
37307918.4
25649105.4
28453340.0
21897472.4
22336692.0
18244039.0
23666127.2
28188689.6
19838938.8
22340527.0
18916910.4
17971293.8
24838398.2
28422412.2
22539829.0
26504983.0
37857963.6
29977487.0
29365149.6
32655272.8
34922772.6
27454552.6
26530754.2
42000094.0
24185693.0
20920692.0
22420684.4
27079076.6
19218896.0
19379435.0
17933168.0
19186528.6
23319407.8
24594858.0
28594621.4
24824804.6
28093971.0
29406544.0
25295435.8
25755824.6
27248135.2
26252262.4
23845605.2
21776793.8
22826097.0
24295527.4
20163733.8
21201484.8
25357822.4
43897593.0
41800921.8
25918617.4
34363912.8
22669039.0
25653023.0
27923461.0
29777866.4
21892386.6
26415857.6
28668701.8
29979563.8
26325233.6
22516406.0
23438245.6
24288423.8
22565435.0
22582096.6
21184599.0
18953761.8
19191685.2
20366929.8
18199989.6
24701246.8
26035720.6
30094944.2
27210634.8
22034435.0
20527150.2
21516403.2
30327510.4
23027074.6
18843502.6
23739157.4
19872722.2
24570644.4
27938600.4
29585243.2
26639550.2
41946451.2
34839901.2
21259257.6
21628349.8
22252534.4
18749586.4
20481791.0
24596250.4
25858685.2
23300929.0
22935966.8
23370761.4
21198192.6
19730001.2
18962824.2
25520674.2
29160313.4
26297244.0
19863624.4
20368581.8
23588837.2
22020747.0
22700899.0
22030293.2
21692612.6
29756768.0
26122651.2
24484327.4
21572736.4
21592890.8
21630674.4
24297852.0
27409830.6
21978137.2
17045288.8
26605176.8
38967057.4
26733785.0
28546477.4
20211311.4
19158090.6
16357915.2
17234419.2
21241439.6
26531898.8
27568729.4
22080549.4
26653509.6
35938622.8
32757873.8
19529035.4
26105671.0
24251395.4
22808515.0
20852676.8
27025964.8
22877450.6
21387854.0
27358925.4
21076416.6
19098571.4
24832651.6
20359106.4
25593798.8
29259091.2
31595998.6
25106895.4
24075669.8
28581995.4
23957115.2
26236261.6
29335696.8
31320775.4
27735522.4
25207879.8
24306383.4
26685711.8
33600582.6
22012864.6
21544428.2
19260538.2
24035278.4
22535970.4
24466639.2
34659089.8
27108895.2
26459458.6
22019508.0
25059058.2
22069516.4
28600733.8
25423147.2
26558684.8
40081638.2
53820342.8
45364592.6
27684227.8
23796753.2
25729605.0
19403707.6
32771290.4
24076602.0
36307372.8
34203539.0
32835034.0
28681481.2
30260580.8
49227051.2
28652500.4
20325452.8
22337506.2
23468276.6
27957881.6
25379593.4
24358445.0
28201256.6
29269664.0
25937521.0
29859569.6
27415140.6
19764067.8
17541431.6
19925798.6
19778263.2
22133248.2
23488265.8
31400272.0
31174774.0
26692697.4
39318473.2
28847082.4
33702688.0
24862977.6
26435870.4
27397889.0
30952875.0
23510296.4
21957192.2
28643792.0
29142471.8
30630451.8
26214148.4
23912228.0
25622520.0
32787763.2
35619739.6
32842987.2
33574032.6
37058549.0
33648278.2
35948086.4
33530561.4
33113738.2
28696207.6
28191474.4
23006589.8
25680198.4
27076999.8
23961740.8
26676106.6
31942482.0
23873347.0
22446915.8
26199516.4
32424641.8
32969023.0
31536786.2
27685691.0
25961227.2
25279258.0
24009884.8
22399019.6
30142156.0
30903586.4
51937782.6
55489134.2
20397432.8
23478365.6
19620343.8
29185695.2
26364657.4
26180636.4
30326578.2
29742041.6
29338127.6
26071911.2
30323710.8
30230526.2
35394926.0
29211702.4
21642616.0
25618425.4
26242173.4
32972043.8
29293382.0
28817240.2
28605064.4
27638762.4
28133890.4
22395762.8
22099641.8
33134447.2
34131311.2
32283856.0
37239797.0
31415741.8
34462100.6
20939949.6
24378469.6
20789735.6
22025714.8
24654554.2
22442443.6
22603501.8
21155405.8
26641697.8
23464453.4
27187813.6
21781643.6
23182893.6
31568528.2
26361329.8
32580413.6
30938313.8
37197435.0
37771162.8
29912882.0
41437340.2
32258002.2
42283270.4
35307110.4
29933225.2
34801421.4
23592554.2
29392325.0
36252691.6
42230453.6
31990732.2
31188733.4
34329704.6
29460222.2
38387807.2
33141196.8
40521518.6
27449938.8
32859908.4
50553996.6
31998697.2
38481074.4
40417749.4
27981941.8
34658275.6
23781779.0
27611575.2
27399305.0
20881645.8
29176573.8
22430513.8
27677466.4
28967879.0
27343656.2
23828542.4
26854723.2
28691641.0
25257121.2
25706370.8
26096349.0
29695927.2
36114596.2
30967896.4
35034200.0
29462570.4
28682614.0
30816585.0
28696738.6
28465246.2
26938220.0
27044514.4
29435749.0
31957845.6
38051873.0
39580138.2
42356277.0
50612265.0
34902276.0
38087520.8
34477417.0
30973053.0
39087488.2
38102412.4
39696321.0
47417391.4
43770955.4
42048226.2
35551759.8
31759169.0
29681696.4
30626770.2
27525989.8
41093110.6
26673463.4
21900811.8
18037196.8
25052450.2
25701910.4
24025578.8
33267291.6
23602914.6
27249574.8
23627258.0
26989620.8
28850233.0
60319641.2
47764571.0
35230115.4
42572040.0
70447534.0
37832251.4
24909056.6
27016890.6
29803708.4
27390478.6
30942609.0
35433866.0
32269849.4
26417556.8
26806850.6
33656266.8
26912260.0
24016351.2
31631186.2
29026265.4
33652715.0
25171476.8
37893104.0
30135677.8
23418964.4
38531165.4
29477202.4
23790192.4
25091378.4
19615057.4
27713893.0
27942376.4
29110399.4
37027172.8
26687068.8
29033782.0
26820113.8
23908758.8
17401660.6
19879401.0
25416574.6
34801858.0
32638080.2
27192887.6
27231662.4
22395715.6
26713583.4
39255874.2
33152182.6
29111095.6
22920768.4
25838106.0
28163237.0
27161594.0
22350439.0
28981401.8
31672981.8
40164556.8
35290035.8
32537131.2
32026403.6
29333124.4
23195059.4
28469388.0
22399633.2
26303403.6
23206930.2
29078846.2
31960842.8
30007152.2
31029327.2
40032066.4
32525638.0
29147758.2
37435264.0
49364238.0
28675191.8
23770403.8
37108923.2
34701888.4
33745345.0
34244095.6
37305074.6
51361647.6
31218257.0
37952340.0
37752849.2
53831895.0
49561534.0
39906644.2
36278793.2
45529981.4
38960449.4
47339735.6
44168190.6
48223744.4
29001532.6
28848522.0
26751485.0
28932125.0
30550129.2
29508366.2
40145063.2
61535253.6
75057888.4
72879301.6
69870502.2
78896062.6
78389677.4
79315186.8
74026733.6
69016371.0
60915234.4
48145357.0
53230814.8
56224014.6
49400794.4
56946965.2
71541771.6
59621093.0
67645588.6
61239309.6
55154203.0
66070359.4
57431732.8
62318643.8
63539011.6
28395225.0
24415981.8
26538188.2
19368885.8
28548849.2
28002709.8
31835892.6
32136934.2
33046183.2
34602756.6
29774869.2
28242049.2
22696462.2
26602179.6
33446392.0
28749484.6
25214900.8
29990396.2
38066788.2
43254658.2
42947811.0
25517960.2
21638025.8
25094328.4
25300486.2
30153684.6
24060518.6
25395181.2
39259343.4
30647255.0
33321654.2
29598553.6
31025043.8
24745485.0
25792982.8
40818902.2
38805055.2
41276470.8
43131714.0
44359881.6
58384948.6
28899344.6
37416620.0
50842789.8
37156382.8
33396454.4
33374211.4
32055596.8
54396654.8
42392514.8
46141811.4
35183706.0
39217347.2
26396187.0
34269442.0
38809834.2
22641179.2
21895808.6
25581680.2
26355807.4
28698190.0
28154977.0
23898811.4
25248660.6
29666769.4
28360308.8
29170614.8
39367738.2
32669798.6
34392103.0
34330518.8
25285807.0
26903846.6
23523311.8
29507186.2
26070318.2
28445575.6
28479158.4
23706329.8
24677104.0
22128764.2
21044474.0
31712334.8
38117622.6
39322485.2
32384038.0
29657836.8
32207297.6
26571428.8
20816852.0
24454202.0
20158176.0
16279681.2
28568708.6
35372612.2
41137655.6
38947894.2
23265588.0
17042161.8
18716086.2
20445352.6
18363702.8
21102671.6
23102925.0
20866152.4
20024375.8
23551879.6
23866137.2
24568024.8
22523273.6
23527890.2
3538536.8
