28089994.4
36108991.2
26455364.0
35203671.6
27975628.8
31474081.0
31773529.6
59112383.2
29969958.6
30163632.0
27172686.0
26990789.0
35036111.6
29217095.0
35154678.0
30972109.0
34545444.0
20253236.8
26078247.8
22175374.2
33370907.4
23262968.4
30904294.4
26758116.6
28273685.0
22810273.2
39609189.8
34400776.0
35560550.8
28402765.2
35309116.4
27281493.8
22728511.0
26495672.8
33309771.6
23542687.4
19481080.2
23409087.8
20807400.2
29763706.4
30608326.8
30984227.6
27100859.4
33013438.2
27550132.6
28157065.6
33525381.2
29616690.2
27008961.0
28873514.4
24544401.2
24848900.2
26299568.6
24130492.6
24601949.8
26695423.2
25567237.0
26404234.6
32792577.6
16551034.0
21398639.2
18351124.0
15412463.8
22144021.6
24618705.8
25087472.6
24732292.6
26477807.6
21838861.8
17523885.0
20037886.8
20632028.6
19390774.8
21607640.8
16088957.8
20074278.0
18060891.2
20346645.6
21838118.4
28211097.8
17974515.2
25785702.2
22713926.2
30237747.8
20739739.0
25466370.6
22813577.2
20901316.4
15079196.4
25315908.8
24493354.4
23114477.2
31238682.8
31367503.4
27272573.0
21415997.0
25991694.8
22670962.4
24750122.4
21068994.4
21463315.0
14842099.0
26008521.6
15518770.0
23106901.6
12019763.2
20772413.2
26007353.4
33401504.8
42265995.2
38850261.0
27805826.8
25659772.6
26563027.2
23864343.6
25259280.6
21381210.6
23756550.6
28509685.0
41336119.8
19560576.8
24932196.4
34516262.6
35851810.2
23956808.4
27712087.6
26313929.2
25351190.8
19221763.4
22361177.0
23767253.2
29779837.0
20054701.8
17856291.0
24960917.6
26298742.6
34462560.8
28350845.2
40299171.2
39654478.2
29554480.6
20392205.4
21480259.8
20726971.4
23166645.0
22992229.2
27894433.0
16711384.2
23781767.2
20760459.8
25816264.2
16897989.4
24180784.2
24803423.0
26054588.8
25273417.0
18691506.8
14829614.6
19544847.4
26157095.4
18319382.0
24095198.8
19691556.8
21325644.4
25090387.2
28339658.8
22483236.2
31578275.0
23086015.6
36614703.8
30428188.0
23431637.6
33132995.8
26661521.8
19994663.4
28890860.4
21426617.0
64624057.0
73117602.6
65929998.4
24869373.2
28816142.8
37495621.0
27519511.6
29610495.2
27402974.8
37668266.8
28167072.0
32088011.4
21205060.2
30615572.0
20936456.8
25847876.4
19899968.4
26892353.4
20702415.6
20447063.6
27539583.4
20825112.0
22491708.6
16432538.4
29088746.4
15669385.2
22995958.0
20820368.4
19035701.0
23283665.6
22738694.4
16373975.0
18806025.8
18090851.4
23368259.8
19201550.0
21959953.4
19167483.4
17755613.4
20901045.0
25614047.6
25440257.2
25644668.6
24787139.0
24943040.6
19176286.2
30385731.6
29244836.8
24451936.4
25186816.8
23130666.8
22695683.4
26058400.2
19500857.0
26711188.0
21781030.0
23340954.6
20883498.4
26126144.0
19155494.6
29792238.8
29518124.8
21331662.4
21904930.0
24583836.8
19185148.0
25205449.0
32017471.0
24568626.6
24875438.4
19652192.0
26988204.8
22320903.6
26689912.6
22033443.8
28292211.0
19840402.0
34776783.0
22159149.2
29262784.6
26489525.0
27008441.8
21947516.2
24714934.8
23143753.0
22549599.4
22440319.6
24827672.0
27674079.8
23319219.0
26099086.6
22299109.0
30420588.8
20836145.0
23139139.2
19077496.6
23305590.0
19652215.6
22557611.6
29720211.6
23358784.4
23962035.8
37273356.2
39829613.8
26530058.0
24699488.6
44043570.8
34797220.6
28015111.6
29259197.4
21671537.8
32158268.6
19784352.0
30557162.0
25046243.4
34308452.8
24601076.6
26961277.2
32729400.4
48338829.8
40217114.0
57800777.8
40489540.6
41273485.4
44291005.0
51180812.6
51409850.6
36330984.6
30380704.8
23883447.8
31810027.0
26093481.6
51283000.6
45624110.0
45677375.2
32412145.6
28598114.2
25082788.0
23635329.2
22475955.6
26594875.4
26944190.8
31607763.2
36057661.2
25440186.4
21745405.8
22377402.0
18708628.6
19405418.6
21812547.8
25981511.4
34194016.4
32336283.4
26656483.2
22385485.0
21675620.6
23944383.0
31411564.6
24954227.0
25072864.2
31547984.4
30016733.8
29573053.8
29250205.8
26811334.6
21851275.4
27802322.2
22864281.8
20457837.0
22745184.4
23634562.2
18111241.8
23413288.6
16592806.0
23478507.2
21412822.8
29577360.8
20934415.4
22783251.2
30221251.4
16909931.0
27785507.2
20824781.6
23542144.6
20139390.4
23113545.0
23028939.0
23160532.6
15699392.6
17978810.4
14894207.8
24927865.8
19150621.2
26031673.2
16046820.0
20257060.0
14058909.4
22790154.2
26469842.6
28487560.0
30658642.0
21182970.6
26296016.8
19281778.2
23965210.0
21078198.4
28771078.6
24269945.0
23023994.8
22641710.2
32062169.4
33619061.4
33269238.6
23974437.6
40778192.2
31934906.4
21426923.8
23105261.4
23717480.8
29114765.4
26243790.0
19257387.6
26199823.2
25334517.4
26757786.2
33748000.0
19118277.4
28133076.2
28280210.4
30259837.4
21639146.8
49842893.2
42878792.8
44735522.8
27296149.4
72041419.0
63326245.8
55901426.2
35420296.0
31113071.8
19931946.4
26094579.0
22864458.8
27992951.2
24077522.4
24937294.0
29191453.6
21451928.0
25317737.8
23102842.4
28782678.0
29324215.4
43001914.0
24050748.2
24068578.0
25034349.0
30475765.6
22639055.2
23225857.4
21185472.2
28202873.2
45881173.0
32573203.8
31458575.8
27571903.6
43242822.8
62632866.0
42833280.2
28939382.0
33641623.0
24873267.2
26633721.0
32513519.4
38424965.4
33685825.8
32792400.6
29426320.8
31913973.2
29789890.6
30914855.4
33944116.0
22891799.4
27346488.2
21140750.2
29067624.4
25058031.6
30235069.2
23873358.8
26024428.0
22733762.0
20932409.4
18510494.8
29874484.8
25020672.8
18359372.2
20778041.8
18804904.8
20589265.4
18497703.6
27987275.4
40837428.2
44111869.2
27431896.6
20268671.2
13459764.4
26874535.4
26252050.0
19928123.2
24035408.2
22736063.0
29616241.8
23384897.8
24876158.2
26416471.2
24614634.8
21951646.2
19180333.6
18834050.8
22421227.2
18760772.8
28013707.4
19972503.0
27688617.4
20288448.0
34408398.8
30570177.4
24837171.0
28314052.8
26939199.4
16073523.4
26442407.6
18039615.8
23225999.0
20266146.0
20597891.2
21284037.6
18942941.2
30487258.8
34612704.0
38890676.0
32743053.0
25808558.8
24947288.6
25744980.4
16236587.6
27400827.2
26334638.2
22675092.4
23933597.8
22284807.4
22420578.2
19606490.6
21813857.6
16280955.6
23023322.2
21588052.8
24248516.2
25766102.4
37600039.2
21277016.6
31222729.2
28001836.6
30507153.6
27123751.4
40150597.4
26253654.8
32204619.0
20692704.2
31125509.0
27436899.8
32367636.0
29153127.2
27930328.6
24099517.6
25823828.0
26632729.8
15236856.2
17464177.0
18275344.4
21918417.4
31485066.8
38281654.4
27194551.4
21347604.2
20369384.2
25149953.6
26074436.4
33105749.6
26044995.4
37196845.0
28978156.8
30708213.8
26961336.2
19827728.8
25282007.4
28462992.4
32936844.4
22815158.4
23284633.2
20811282.4
20870789.8
22274753.8
29649659.4
17058953.2
24151473.0
28828296.8
29490194.2
25476660.2
21991506.6
21349846.2
32389772.8
21503989.6
30643951.0
39644212.2
27481527.4
23568175.4
28757898.0
25667867.4
29733793.4
26968522.4
18305493.4
23967570.0
15449787.2
28730781.6
23871659.6
26055650.8
23836483.8
25484306.6
18597378.2
23958755.4
22513904.4
24301274.0
22406536.2
38524050.0
29662674.8
25516579.6
22705170.6
23751276.0
23320835.6
19759985.0
24289120.0
13750044.4
26798059.6
21053324.0
20552945.0
16123968.4
25172645.0
17837552.6
24529344.4
25124206.0
29747198.2
40749683.4
32156368.8
32096814.2
22190867.6
27558428.0
42887088.2
30055603.0
26411928.2
27985930.2
24401279.0
26939128.6
21347698.6
26746493.6
31426456.2
23971228.0
26720793.2
36976397.4
23298911.2
24646683.6
28169538.2
72158687.4
65739463.8
23185088.4
25681059.8
18678161.0
20937035.0
23379682.2
21876456.6
21988769.0
24292070.0
35956653.2
37729721.2
28990428.8
24279385.0
19789437.8
22403904.8
25807024.8
26957336.0
19435343.4
23134383.8
26210242.6
23192085.8
20093429.4
23883648.4
21766339.0
23970815.0
21717746.6
19005327.8
17193390.6
23416816.8
21133233.6
23016383.8
25186156.0
27890303.0
21678924.6
29022654.6
35224805.4
25216446.6
23319207.2
22689346.8
30168658.8
23671106.8
19952502.0
30935198.6
26680555.2
24974829.8
25668669.8
22998436.0
22999639.6
21216529.8
22110049.4
24789746.8
20846328.4
29286962.8
23804553.0
21152503.0
22580680.6
27460134.0
36018084.0
35702929.6
35564798.8
39233654.8
37312555.8
32463947.6
28156522.8
30315521.6
25628892.0
27053871.8
28926142.4
21145859.6
26095487.6
29726229.6
35903541.4
25573868.6
28305745.6
29271799.8
24411214.6
25915655.6
24586940.2
20838009.4
26038776.8
25467397.2
22154264.0
26768429.8
28147967.8
27868626.4
28639414.2
29087295.0
26112043.0
34291260.2
32184393.8
26878240.6
25564298.8
32384734.2
26997668.4
32943747.4
32571256.8
29578835.8
19928135.0
23862007.2
24399910.2
28206625.6
24849041.8
33977226.8
22494930.0
22210007.2
30317515.8
20414165.2
20378647.2
30894394.2
23245669.6
23170904.8
20607638.0
22231223.6
19648333.4
23398125.6
27690623.4
25608619.6
22992406.2
33069936.6
25319319.0
30042127.4
21958301.4
22538047.2
22190490.0
30576809.0
63802588.2
32559893.4
25405765.8
21559532.2
27338428.8
31859646.0
37167097.2
42055034.8
32400333.8
35679589.2
36580837.8
20043539.0
34430287.8
21284946.2
30822142.8
27642385.0
34429863.0
27538415.2
28632074.6
29438935.0
25781182.8
30532889.4
22933465.2
23756857.4
26997172.8
39930102.6
26076525.0
33585195.4
19019145.6
25636833.4
29812794.4
21349421.4
25410851.6
27588872.0
26449381.4
26623797.2
19328423.6
23408722.0
28250238.4
21143664.8
24328060.0
26502127.4
24620239.8
20077133.6
27790404.2
34267259.0
29130152.6
22677594.0
32866410.2
30466986.4
25791012.2
25881671.6
22265974.6
18421841.4
28107281.4
28307798.8
23472170.6
24086077.4
30308005.0
33231183.6
23127115.0
26204897.2
28440159.4
30038611.0
20172996.8
27284089.8
28628829.6
32851542.2
24191439.6
29707691.8
18835219.0
30929227.8
24512612.0
30433368.2
24811978.0
25888751.6
24487395.4
26148682.0
27819597.4
25746502.6
22293692.8
20257296.0
28346078.0
28400889.0
33714712.2
30546553.8
36665396.6
27929007.0
30013335.4
24256221.6
29705131.2
22962292.6
27324304.2
27582806.8
27463343.6
36125947.8
26255483.8
21715622.6
24515184.4
25657990.8
28243264.6
20536401.4
23226848.6
29895477.0
24872004.6
25678605.4
25127805.0
32586797.4
22317257.4
26675127.2
20339742.6
30946739.0
32773839.2
30984227.6
25726548.8
28771456.2
30370438.8
32442105.8
21797951.2
32186860.0
46859605.4
30506799.6
31128435.4
27382088.8
31876343.0
33818599.4
30049290.0
45586267.4
29573077.4
28471606.4
30478833.6
38937215.2
34317055.0
28518310.8
32618492.2
32662459.0
31241278.8
30151725.8
27560906.0
41938863.8
32895804.0
34232378.2
31004157.8
29566799.8
26247035.0
36524563.6
39841402.0
34791061.0
28442873.4
38149352.8
41798514.6
42547378.0
32844957.8
44682871.2
35894561.6
41710085.4
32928832.2
34533750.2
28469104.8
42717333.4
82151411.2
57353746.6
72829977.6
64388859.4
47287426.2
42011740.6
51671079.0
34041336.2
28744564.0
30134958.0
41470061.6
27636308.0
27743286.8
27849132.8
29568381.0
26929252.0
40154290.8
34247376.0
28366350.4
33470275.2
31827231.4
29036543.2
27469172.8
27198598.8
28122833.8
37916951.8
27356388.4
24661575.2
22303286.2
29504672.8
26892908.0
30927988.8
32194223.2
30989832.6
37121985.8
37668703.4
31834099.0
30080099.8
30200046.8
27001078.6
24309215.4
33265250.2
25077218.4
24210036.4
29469343.6
32281260.0
35348740.8
29908645.8
30391265.8
26411373.6
44022838.2
25694240.4
31155280.4
26411739.4
29845445.0
31239449.8
37034052.2
23908416.6
46680457.8
38012815.0
33287741.0
32552388.6
38863901.8
31149828.8
26868375.8
36246296.0
33384583.6
27032407.6
28008916.6
39365767.6
19467604.6
30299497.2
31066591.6
29360996.0
20715336.6
35585932.6
29298078.4
34152928.8
27109697.6
34971058.2
30605011.0
30094920.6
31049045.0
32568047.2
25608702.2
24319611.2
28292730.2
25981900.8
26750246.0
25797396.0
32432028.6
34948166.2
32208642.8
36135576.6
34348820.6
28635933.2
39770991.4
29473520.8
34706160.0
30911268.2
32566855.4
25530350.2
28641856.8
33151085.2
35794403.2
32016220.2
29265156.4
30867974.0
28546359.4
29934594.0
27406290.6
31225502.2
26563487.4
31255639.4
24049556.4
32955335.0
35312503.0
39836422.4
46335579.2
34682512.8
27293848.4
33250287.8
29247975.6
30731507.0
31680675.4
30537928.0
30013170.2
25484200.4
33139415.0
37702734.6
30383949.8
31933584.8
39427835.6
43036971.8
41012740.8
40437101.4
36578312.6
33208504.0
37260907.2
32036008.8
34070553.0
23182091.2
55271943.4
70752056.6
37186944.8
29866496.2
26623112.8
32626705.0
29662226.4
23312280.6
28487878.6
32819422.6
31306049.0
46548274.2
32824178.0
32038380.6
29956778.0
36303514.2
25705238.0
28381289.2
27345119.4
44088410.8
27443130.2
34573256.6
36745978.8
36398681.2
40002460.2
39123195.0
37567164.4
32637136.2
30309468.2
26887928.4
27307689.8
32309131.6
36064222.0
27762367.4
26059698.2
27371551.4
34359369.8
35534449.2
30135005.2
32750463.4
35231437.0
31046897.4
32850114.4
27983251.6
29640951.0
32727618.6
27175022.4
31776208.2
33780579.8
34157283.0
33503008.4
31853911.2
23604531.2
29692115.8
30967353.6
29783731.0
27534013.8
30478491.4
30559604.6
33454333.4
33133692.0
24473436.0
25559024.2
25514231.4
30198701.6
31485704.0
31628354.2
41101264.4
46477556.8
32611789.8
33806563.4
27252619.2
34775131.0
28482450.6
28227334.6
23934648.0
28014616.0
29585314.0
37427334.4
32250780.6
28591789.4
22432401.8
27850006.0
31067889.6
38184033.0
37763504.6
37632831.4
41022369.6
29541335.4
39972724.2
34618356.2
28164169.2
24545050.2
32956786.4
25899643.0
25484719.6
24620534.8
30816986.2
24837914.4
26601247.4
29968141.4
32575729.0
32949317.0
31199188.2
28136392.0
39912060.4
41714050.2
43359961.4
41735762.2
45508387.4
45589087.6
49457753.0
50332782.0
54450014.4
48576682.4
52950069.2
49443321.6
46935267.0
43350651.2
48959592.4
41856853.8
48354276.0
54135780.4
41493933.0
33063670.8
28999290.6
26319274.6
25605634.2
28814703.2
26263236.4
28865632.0
21276993.0
16706180.4
19744715.8
22334933.8
30052723.8
26855018.2
23755960.6
25667961.8
20236056.0
27381770.2
33334764.0
31069931.0
34791273.4
39324597.4
29147958.8
26026552.0
18660756.0
20245059.4
26795322.0
29116441.0
30785480.2
26052299.6
27017032.2
23214789.0
32595234.4
27239733.6
31239178.4
33881304.6
29783141.0
27843669.4
27542946.4
29745581.6
29874543.8
23722366.0
22509503.0
25528580.2
22972653.0
35476192.6
33929566.6
35050366.0
26982458.2
25749193.0
21490549.4
26346756.8
35859834.2
29152643.4
20557594.2
24930686.0
23228595.0
18665287.2
19785602.8
24555599.4
22211234.4
24895628.2
36113876.4
33373326.4
30110897.8
28751797.4
21548074.4
26232237.8
20538914.8
28195840.4
21099344.0
27485492.2
26008273.8
29201719.6
22290872.6
26075699.0
23267594.0
26277302.0
20261579.4
22739544.0
19936312.4
26497973.8
20082620.6
22731071.6
27729775.8
22128056.2
33396607.8
27965079.6
32645903.6
19438151.8
24373844.0
22625296.4
29928517.0
25146968.2
44731074.2
27727262.4
24976092.4
22222656.8
24960197.8
20458238.2
33626153.2
31009161.0
24208490.6
15637442.6
28060919.2
23417465.8
24509827.2
20101972.6
19560104.8
17720272.4
22280040.2
23697951.8
25539754.8
31667317.8
29650922.0
29270596.2
59351840.6
101826247.4
69600117.0
68133459.6
73032937.6
80961699.8
63103815.8
86041635.2
80834566.6
66538241.2
21213627.0
27353013.6
29170555.8
20951501.8
30766128.2
24324036.2
32226626.0
34584041.8
29531411.6
30492155.8
32642481.6
30346272.4
32757095.0
31476618.0
31751156.8
29426804.6
22563216.6
23032502.6
24627308.0
27718400.6
18736016.4
22620364.0
24485660.8
20423121.4
28829394.2
35938469.4
20348510.0
27908675.6
20797618.0
24792319.2
19953068.4
19059784.8
24139661.2
21517807.4
19985164.4
19951121.4
23659708.0
25052497.4
20074915.2
27611469.0
22156199.2
30553091.0
24709695.6
27524219.8
26333127.8
38555626.8
21948188.8
23723428.0
20078467.0
26082696.4
25463656.6
35403197.8
34656423.0
30710137.2
26332349.0
25462500.2
28828308.6
31414656.2
36559656.8
23383387.4
26713052.4
35422077.8
31827337.6
36267300.0
19549897.8
21849942.0
28705978.0
32797628.0
24684054.2
28218248.6
29482677.6
28295904.4
23188640.2
23504833.0
20618541.2
23847292.6
23654079.4
45766606.8
20423239.4
26631809.4
19978096.2
20616098.6
18051687.2
24215511.6
24205776.6
25182509.8
27163493.8
27272466.8
32240939.4
28711335.2
28312200.2
26694455.6
24348356.0
33855132.2
38893165.8
37390860.6
35567099.8
36362679.4
41619850.8
38938997.0
52573248.0
45417338.6
35569849.2
34709405.0
42126967.6
35004086.4
35957219.6
39933300.4
53075951.6
50430179.2
50202262.2
45129725.4
40590289.0
32263866.8
24208561.4
22958611.0
29188491.8
25803886.0
28119105.0
22960251.2
30522776.8
24437564.0
21648386.2
24415026.0
21915231.4
34331309.4
24980564.6
26932674.0
24748222.6
27848507.4
20260895.0
24959867.4
19263523.6
37257367.2
22183327.4
29257722.4
28073498.0
26881780.6
26222502.8
30497170.8
27035935.8
21491363.6
25048060.6
27899223.8
26670183.0
24994075.6
31491722.0
26923422.8
34557173.2
29481332.4
24778348.0
25261451.8
34440612.8
27072822.6
30170263.6
30340773.6
36794913.4
28064612.6
32873372.2
24575517.8
19908547.0
29579827.0
23511417.4
23541271.4
20227642.6
30256710.4
31153864.4
30297703.6
18318921.8
29686204.0
22723944.4
33326114.6
30528724.0
32371400.2
25434416.2
33886119.0
22931777.8
24782867.4
22699034.6
28644252.2
27952689.6
29200162.0
25938075.6
28063255.6
29136737.0
52153309.6
32918648.8
18629781.0
27497280.4
30987095.0
29688493.2
20673529.2
26814178.4
41520270.6
29753357.8
24559351.8
41826032.2
34327804.8
30187633.2
25501168.8
30430241.2
32659662.4
34976521.6
35897346.4
26627620.4
36846184.4
28764211.0
30366898.8
25830058.4
28711004.8
22472852.2
24985249.2
19987477.2
30612091.0
27352836.6
25449437.6
22387314.0
28330584.6
16214958.2
28990098.4
27714353.2
24888288.6
31736241.6
28787504.2
36556848.4
36906104.8
28341393.4
30926679.0
32131482.6
25220470.4
34873932.4
27676097.6
41705353.6
31159634.6
29161670.4
25601681.2
23384048.2
28754310.8
24758771.8
27377274.4
30837258.6
27630549.6
21354825.8
25263623.0
26482055.6
30516475.6
30530812.6
26142156.6
31897193.6
22287261.8
23256277.8
23880922.6
34204081.8
27416674.6
38616762.6
26652530.2
21633577.2
27774698.4
23338936.8
22276700.8
25672398.6
26032522.8
26177910.6
28191863.8
24154564.6
23401606.6
18234846.8
23385924.4
20760105.8
20751763.2
16859202.8
31251627.4
23167317.6
17269252.8
30803664.0
26512393.4
21382827.2
25763329.4
31731722.2
22915293.2
26889202.8
29029746.4
35485019.0
36140650.6
30956131.8
23183802.2
29099685.0
24842669.8
25971611.2
28847507.2
34604267.0
27994213.8
26881320.4
19201019.0
24343813.0
48935650.2
30364798.4
26721218.0
24614068.4
24648559.8
24916349.0
35278967.4
36006921.2
30742422.0
23024927.0
27005775.0
22809034.2
30429722.0
23613003.6
24678638.0
23865193.2
28341110.2
24571317.0
22692060.8
20593100.4
23518816.0
17993548.6
15043595.8
21455904.6
18107477.6
15132013.2
20922945.8
18924639.4
18070000.8
21471044.0
20543115.6
20500210.8
24633668.2
28533969.4
26797115.6
21328252.2
20970476.2
25598861.0
25030348.8
19198293.2
16224469.0
24214803.6
25605846.6
30434961.2
23232548.0
26789811.4
20985922.4
21361068.0
25589232.2
20005826.2
21340960.8
21780298.4
29540639.2
24364899.6
23805320.0
26326342.8
39051049.8
49329097.6
44953445.2
37522076.6
39895977.0
26552301.0
22511863.0
25339520.6
23199342.8
27721268.0
22761338.6
25294255.8
23862243.2
22174347.6
18607809.4
19223781.2
20029709.4
32046994.6
32371164.2
48645818.6
46602731.2
29727881.6
39396176.2
32446401.0
31377568.8
41267491.0
29444964.8
46845681.4
24570974.8
25690783.0
30385885.0
32534653.2
34182181.0
33331530.8
29295576.8
25094753.2
28485766.4
26051225.8
21583627.8
29882178.4
30839311.8
31840931.2
21886345.0
34443031.8
40435508.4
33998514.0
32808720.0
28016692.8
23581851.6
26378982.6
24436702.6
31338558.0
26996417.6
29169163.4
37470829.2
22717914.6
20776696.6
21655501.6
18325683.2
16690875.8
21557856.6
22472285.8
20413457.2
21509877.8
22603277.6
19607175.0
19412947.0
24205080.4
37082432.2
14962164.0
27983239.8
24614811.8
20838646.6
26595205.8
23726732.0
22567688.8
15745554.2
19621158.0
20563801.0
18449642.2
20940173.8
24095104.4
23521624.4
21278409.0
24713389.0
16816593.0
17917780.8
26688036.4
24550572.6
20655050.4
24247147.4
28180488.6
26078578.2
26432389.4
23890622.2
21242926.4
16217247.4
19898670.4
25944978.6
18791205.0
16621244.0
19422717.4
20400736.8
16447158.6
19338489.0
15964338.0
13723565.2
20710581.2
29246111.2
39653970.8
36696713.8
38593115.4
31362146.2
19399129.2
22986813.0
19959794.4
19649666.8
20429894.6
22627821.6
24159756.6
22026470.0
31814971.2
19913680.0
19921857.4
28206448.6
26203882.4
22657085.6
24454638.6
33475844.8
32898600.6
23798251.8
23148425.8
23571373.2
19229929.0
15602137.0
17278669.2
19732184.2
20235985.2
26580632.8
23992479.8
19576766.4
19969966.0
32062747.6
37373361.2
28525532.4
23817261.6
22487602.2
19884935.2
22215989.8
27725339.0
19136130.8
22174796.0
22402252.8
24835306.6
21462253.0
17759590.0
19822477.8
24863402.4
18108433.4
23388284.4
27473751.2
27040939.0
23029977.4
18415552.0
14632200.6
25494313.0
35810970.4
17157164.6
15587316.2
20109501.0
25682617.4
17579038.2
22813966.6
13990139.0
