8948400.2
13366933.8
13722751.0
11766311.0
12344251.4
11664996.2
13127028.0
14567052.8
11662813.2
15137724.4
14028654.2
12336475.2
11876676.4
14839255.2
15571693.0
14728783.6
15912913.6
9936225.4
9808407.8
11699629.2
12207489.4
8938889.4
13120927.4
13239021.8
11300482.4
8697095.6
10906268.0
11905303.2
9809033.2
10281139.4
11224230.8
9809540.6
9773881.0
11247795.4
14216191.6
12554680.8
16206474.0
14936640.6
15549438.2
20783882.8
17418959.4
15655768.0
10363881.0
10799360.0
9929912.4
9811051.0
10872756.0
12286384.2
13460897.2
13530151.4
12859427.6
12637516.8
16100734.2
18240888.4
14316892.8
14828670.6
14070839.2
12998526.0
14044454.4
12135910.6
11190235.0
10319973.2
10893653.8
11212985.4
12875393.0
13408351.8
11291113.2
10313129.2
10997895.0
9699942.2
10346700.2
9605660.2
11008267.2
12658839.4
11315102.6
11529756.4
10730707.6
11956043.2
11307208.4
13688967.6
10661689.4
9867679.2
10893571.2
10379799.2
11509330.6
11077840.0
10611751.8
9673545.6
10327938.2
19472183.0
21178805.2
20233837.6
17273052.4
16080697.8
18732535.4
21116159.0
21463362.2
25701969.4
19311278.2
17592218.8
16114882.4
14786603.6
12002759.4
11104744.0
11934366.6
8019681.2
8667690.0
10574947.6
11318666.2
13080252.8
12161552.0
9855253.8
10479037.2
11697611.4
11077722.0
9809351.8
10479037.2
10653063.6
10122441.2
10355904.2
10180686.0
12347885.8
11738203.4
13004555.8
13060216.4
11827140.0
12526738.4
10392165.6
11284092.2
9655137.6
19840779.6
17552688.8
14163976.6
15097569.0
14109283.6
13287838.4
12227124.6
11411119.2
11866316.0
12302219.8
9304736.6
10620059.0
10115125.2
10977398.4
10913241.8
10282673.4
12897400.0
10165558.4
9988770.8
10442351.0
10325059.0
9711364.6
11234284.4
10433807.8
10250577.4
11504563.4
11463145.4
9285207.6
9613578.0
9849023.4
11018545.0
11579045.0
11019524.4
9006243.8
9649261.2
9925404.8
9815452.4
10873853.4
9904967.2
11421975.2
10056101.6
12311058.0
15172416.4
9403042.4
8641977.8
11274050.4
9312796.0
11050747.2
12956329.2
13164776.2
10209631.4
10649110.6
10009586.0
10890479.6
12591024.8
10375858.0
12143096.8
17142615.2
15116236.6
10229880.2
10449254.0
11164758.8
11121205.0
10044089.2
12420208.0
15995006.2
9617531.0
10118334.8
9373318.2
10388000.2
9617318.6
10976489.8
13327262.2
9642145.8
12295434.8
9470845.2
10569012.2
10240925.0
11315751.6
9105883.0
8910781.8
9833423.8
10547961.0
9390581.6
12066160.8
11891686.0
9481335.4
9848929.0
9803723.2
9232119.4
10668439.0
9675705.0
9962362.4
10424155.4
13474243.0
9767190.4
9587806.8
10200474.6
10088870.2
10007190.6
9698018.8
9654276.2
10100516.8
9805941.6
9446962.0
9892117.0
10625133.0
11842680.6
9532736.2
11423072.6
14149002.4
14862973.2
10490825.4
14782402.8
19948985.6
15394952.6
12747268.6
10488512.6
12198025.8
12967515.6
17907231.6
23259676.2
20197481.8
39853308.2
10493681.0
9801752.6
11100708.4
15529956.4
11437633.8
9461452.4
10934281.2
11553321.0
8895512.6
11637089.2
29774173.0
11208973.4
10709231.6
13381955.2
7761155.0
7733389.6
8034726.2
6913620.0
11917067.8
6676794.0
6872261.0
6675271.8
6611469.2
5929842.2
5773338.8
6564930.0
5127194.4
5465264.4
4961723.0
6118960.8
5733915.0
5400010.4
5471766.2
7997615.2
9809953.6
9611985.0
6820376.4
6945031.6
7233164.0
6775088.0
8782397.8
12362978.0
8065406.2
6372047.2
8870697.2
8721710.4
6890079.0
6979900.6
8855970.8
10449985.6
12689401.4
16297935.8
14427388.0
11996210.4
9696602.8
9590402.8
9815322.6
11908040.8
11206755.0
9043390.2
8354577.0
7853572.6
7596073.0
8120878.0
9313445.0
11438672.2
16207925.4
9023483.6
9375937.8
9041549.4
5730339.6
8500271.6
8114140.2
8888078.6
10059936.6
11639000.8
9614238.8
9412152.0
10914292.0
11592296.4
13528570.2
16108427.8
11879638.2
13136468.0
11095268.6
8132194.2
6088292.6
11020020.0
11724645.2
6395175.2
4838271.4
5861744.4
10807985.8
8256330.2
10536715.6
8727350.8
6530308.8
8383498.8
10889181.6
9325374.8
8449331.0
7847153.4
11104637.8
6868496.8
10049588.0
6760774.6
7616711.2
14750318.6
26800289.8
28689387.2
9673474.8
6535772.2
12190603.6
6437206.8
6320021.0
6409559.4
9479943.0
8518384.6
10453915.0
10022625.0
6319407.4
6318168.4
6085920.8
8033676.0
7555091.6
6926788.8
6182669.0
8792545.8
9652541.6
12137716.0
10750165.8
7456632.4
11472491.0
22624930.6
9133353.4
8257439.4
6754025.0
11207474.8
9271437.0
12062679.8
10267545.8
8440870.4
9507106.6
10013645.2
8856077.0
9158699.8
9919245.2
8962725.4
11686047.4
13815428.2
11831907.2
9998104.6
7810231.2
9824007.4
9285125.0
8884975.2
8778739.8
9164352.0
10564174.2
9691281.0
16454604.4
15292080.2
11150799.4
9783533.4
10294685.8
10902232.4
9772347.0
9674135.6
9713748.2
14526921.0
8926511.2
13775308.2
9152009.2
11750912.0
13525230.8
18482021.4
11366704.0
8809301.8
9654229.0
13311662.6
11403850.4
9681109.4
12431866.4
11643555.6
12748932.4
9550530.6
7055597.6
7176583.0
8162661.8
9216803.0
11226189.6
7105983.6
6032702.8
7765757.0
7383932.6
14053552.2
14241136.8
14715013.0
13596455.6
15062428.6
12181907.0
14701419.4
16697342.2
17961346.4
15576979.4
10370158.6
7840687.0
6737422.4
8306928.6
11664276.4
8448528.6
7683676.2
8119804.2
6017705.0
6087490.2
7793699.4
7002816.2
4882320.8
6081720.0
7906896.8
7247831.4
5093529.0
11989885.6
10825874.6
9571121.6
6968324.8
7379613.8
6142596.2
7440454.6
13196494.6
11579092.2
8346883.4
8128902.0
9848752.0
6988526.4
9434017.4
6445337.0
7294913.4
7441540.2
6070038.0
5898725.6
5829436.0
7111199.2
8093266.0
9263755.2
9775096.4
12476163.6
9505690.6
7449764.8
9683717.2
6868839.0
6268124.6
9936166.4
5801340.2
6178314.8
5396281.6
6535677.8
7041107.2
7304117.4
6781200.4
9452708.6
8576511.4
5427893.8
6217113.2
6600778.4
8772521.2
7910071.0
10508596.2
7719713.4
11297107.6
7548224.0
9926230.8
8120559.4
6483356.6
8097608.4
5998400.2
15189892.2
9361825.0
15644310.2
12429058.0
15543750.6
9412034.0
6953067.4
7495088.6
15086689.4
25233261.6
26896353.6
20881881.8
9453039.0
10881252.0
10102334.0
7331045.0
8780297.4
11277224.6
7251996.8
10448380.8
5898678.4
6764574.2
8025935.2
6009397.8
5363961.4
6837805.0
12552592.2
15046026.6
14173629.0
11149359.8
10116057.4
12199052.4
8414391.2
9537385.4
16946617.2
14893075.0
29472659.4
19895767.6
15860297.4
14990460.4
13040935.2
11456419.4
10873086.4
12201129.2
10277056.6
12667630.4
7808862.4
7198790.6
7376416.0
6396638.4
7162269.6
6211366.6
7476763.2
10296998.6
12751528.4
10421429.6
7665811.0
11573770.4
7503301.4
13685333.2
11353924.6
14271875.8
18049940.8
13981749.2
11457009.4
10670822.6
8048626.6
8030596.2
8086551.8
8940222.8
9209227.4
9355205.2
9706621.0
13423420.4
16374765.6
7326950.4
6400331.8
5903740.6
7892972.8
8066067.0
8425034.8
12416833.2
8485804.8
7640240.4
9159809.0
9239836.6
6846879.2
11907073.2
20093181.6
22310059.4
16505804.6
23277836.4
23643412.2
13983908.6
5712132.2
10549624.8
13053183.6
9808974.2
11392062.2
8538055.2
8195760.8
7866906.6
7800130.4
9727282.8
16647145.0
24238592.4
22381874.2
26930325.8
18111088.4
12727114.2
12255291.2
10161381.2
10465597.0
9711459.0
13038823.0
11043242.4
6822948.8
9186571.4
9922785.2
9773538.8
8234311.4
9223021.6
15095586.6
9394428.4
6895813.8
6361120.4
6468583.0
7901327.2
7084554.8
8303506.6
6192781.6
11924112.4
14072774.4
20045143.8
17094966.8
16389138.0
14650726.6
17215869.6
18118333.6
15254933.8
17970444.2
20759574.8
16958358.2
21018915.2
16839791.8
16531658.4
12241414.4
17968674.2
17147677.4
17891242.6
20553924.4
13892564.8
11559362.6
10205536.8
9043992.0
10181913.2
6340022.0
6659117.6
17845175.4
14970459.4
13252804.2
17372821.4
18274471.2
18662148.4
16281557.4
13774305.2
15864226.8
16160418.6
13809256.8
14149616.0
15240042.2
14532703.0
14545694.8
13998269.2
14277398.2
16945378.2
20982240.8
16808344.8
14556232.2
21707704.8
19572294.2
23873181.8
21130024.0
22992370.8
22944403.8
22577777.8
20779375.2
14935543.2
18071027.4
18111501.4
13236024.6
12292543.8
14431647.8
20677364.2
21601552.0
17319426.4
15198895.6
9775792.6
9776665.8
9459458.2
8169600.2
10400661.6
14293186.6
13219032.6
9244438.6
13051213.0
12581466.8
17584006.0
13454489.8
9669191.4
10039923.8
10017444.8
9043791.4
11207982.2
10794427.6
9381743.4
8162815.2
13423444.0
18500936.8
11566135.8
9764098.8
9435752.0
12000529.2
10530272.8
12229732.4
7873868.6
8407712.4
10124765.8
16713815.0
12885198.8
17160279.8
10867292.6
9180730.4
9931965.6
6287405.8
7145088.8
7796944.4
10096434.0
8119945.8
7682319.2
9408647.4
16730075.4
14673996.2
7174683.2
8441130.0
9570673.2
8696269.6
8201070.8
9725831.4
9399832.8
9635254.6
9966598.6
8333407.8
9793504.4
13101575.4
8829232.0
8741499.0
7298654.0
8244660.0
8523694.6
10222104.0
12444173.8
13302966.0
11278015.2
8345561.8
11743419.0
9343924.4
10064255.4
8505711.4
8777371.0
9497383.4
9769821.8
7777332.8
9333859.0
12239656.2
7389549.4
7983408.0
7240031.6
9582119.2
11728385.8
13912294.4
14400460.4
7011335.8
8982643.8
6038319.6
7444620.0
9718834.0
8852442.6
8238771.8
8227396.6
9875313.8
12369633.2
10397133.4
11494899.2
9407325.8
9064653.8
15208017.0
14905370.6
16976695.4
16290832.2
16876973.6
19214412.0
24375437.0
24989945.6
21722077.2
17582200.6
20992955.2
17963210.8
16788096.0
16850742.2
17137541.2
14361579.4
13837635.8
13983295.0
14907718.8
15160404.0
12552698.4
11875295.8
13510882.0
11496185.4
13238290.2
14509291.8
16066620.4
13704874.0
12387640.0
11967040.8
14851291.2
14043062.0
13901839.6
11784518.4
14273480.6
7720881.6
7041638.2
7307327.0
7632393.4
6013716.6
9106685.4
11332814.4
9651574.0
10937750.4
9251554.0
9635573.2
9523284.4
8627711.6
7077474.8
8252566.0
8524001.4
7624971.2
7539987.6
7200619.6
7415344.2
7483536.4
7525249.4
7589476.8
7386847.2
8795814.4
7934390.8
9230963.0
8141197.6
10285222.2
8841657.4
12854200.2
9352975.0
9411042.8
10559843.6
7920620.2
8278880.0
10835869.2
7625313.4
9824385.0
15333392.0
10399080.4
9225240.0
8059046.0
10149309.8
9284900.8
9791805.2
8849716.8
8782822.6
11552459.6
8074881.6
8835368.0
11801014.8
10963698.6
11170812.2
8027811.4
7556472.2
8319047.2
8453661.6
9745148.0
11267265.4
12848701.4
10518154.2
10079241.4
13472933.2
10109355.0
8421966.8
7790407.2
8714842.8
8899654.4
7936054.6
11979017.8
10100292.6
9419751.2
8347945.4
8756496.8
7950427.0
7965365.8
7228255.2
6974260.2
15123304.8
17060581.6
6493610.8
7895899.2
9124892.8
10032478.0
6501151.0
9020403.8
6567962.6
6421866.8
6822205.4
7720445.0
10212121.2
14854441.8
18382936.8
16904278.8
16018783.2
14854748.6
16147757.2
18167917.2
19881631.2
13531650.0
7635355.2
9686584.6
11047750.0
9481949.0
12104912.0
13162416.2
11968032.0
10534839.4
13189603.4
13384421.4
8796900.0
11817228.0
10554427.4
11339811.8
11776813.0
11754286.8
10729987.8
9374049.8
8392006.6
10087123.8
11128497.4
13509525.0
10693266.2
11315279.6
31275097.6
37368983.4
11494757.6
13817646.6
19662894.6
25507186.8
33391498.4
38049926.0
16348817.4
12182320.0
12143958.2
10121886.6
11736634.0
11089427.6
9998364.2
8247680.8
13958774.6
17403997.0
27501221.6
26804644.0
31091501.4
21273571.0
9964828.6
16220881.8
17870793.2
17415195.2
16956906.8
12584003.8
8698912.8
11531290.4
13037619.4
27073365.4
30908955.4
26610911.6
10519110.0
11822018.8
11260350.6
11762464.2
11869431.2
11491595.2
10353615.0
11807670.0
11406222.2
27148649.4
26637202.0
27946459.2
12306338.0
9489796.0
8595474.0
7758441.0
10947426.4
10900922.6
8678628.6
11833205.2
8074775.4
9304488.8
8728023.4
22247448.6
25196374.8
24606811.4
23438493.4
8169576.6
7790784.8
9710904.4
9701523.4
11648948.2
15163920.4
13730196.8
12230192.6
11966108.6
12115508.4
7804083.4
8801985.8
8836784.0
7577806.6
9940001.4
8463845.0
8117810.0
13114850.4
12586965.6
11707641.4
17828525.6
15678353.2
19808353.2
14038448.2
13201698.4
12880467.0
10977870.4
10597627.2
12304792.2
16931277.2
14411694.0
15126585.2
18839620.4
18055262.6
23308127.0
20238392.4
15557887.0
14711284.2
12776096.0
13406735.2
11253294.2
22901062.4
24143791.2
27796056.4
28860888.4
20389102.0
10479072.6
9723601.2
10313707.4
9916897.0
11919286.2
13470632.2
8828571.2
10104576.0
15497907.6
16123496.4
18604127.8
11398269.0
8507493.2
27480524.4
12720942.8
11372828.2
12205778.4
24289367.8
27870042.4
28385973.8
21385163.6
13603854.2
12906415.2
10015403.4
8547979.0
11537874.8
11891308.4
13144468.4
13911362.2
10380094.2
15828520.0
19445267.2
14954588.4
15303561.6
11622634.2
10982684.8
12676303.4
13843429.6
14679613.0
11384710.8
10107573.2
15194966.2
14940511.0
11930732.2
19522639.8
10275440.0
6276266.6
7658388.8
9263295.0
11704644.2
9637744.4
14986070.8
11656512.0
12970701.6
14449041.0
15054699.6
15072151.8
9573576.0
8808523.0
8808700.0
8588559.2
12563129.6
10721043.4
12520213.0
12436787.0
9533916.2
10891647.8
13644599.6
12988378.0
12431311.8
14439683.6
13039401.2
8837916.8
7230391.0
7821240.6
8016448.0
8763069.4
8796203.8
10842477.2
8913448.6
8106859.6
7560944.4
11219097.8
12221484.2
11991997.8
8496318.6
7808095.4
8075707.6
11990876.8
9388009.2
11012302.8
11915368.6
11231735.6
9775769.0
28658518.4
29104228.0
27747534.8
17508462.4
9357199.4
9424518.4
10545872.4
12127497.2
11662884.0
9026669.6
8652385.4
9050753.4
11146551.4
9025348.0
9411444.0
10441690.2
9685274.8
10384885.0
8520072.0
8752425.8
8970395.4
7630883.0
7996635.8
9611359.6
11683616.6
17886215.8
10197725.2
21313974.2
25611982.6
27036325.2
26825447.4
8580735.8
10452487.2
11358762.6
10613498.2
12358057.4
11667096.6
9977242.2
43776053.0
21100465.0
10644732.8
9853011.8
10679672.6
13208802.0
10719485.8
10066131.6
7606598.6
10648862.8
10497976.2
9046883.0
10251981.6
10214563.8
13807404.2
8996803.8
10337177.6
10369509.6
13369718.6
22220981.2
24967667.2
27515877.2
27841521.8
22150405.4
12952895.4
15381359.0
15567445.0
10375504.0
11129264.4
9953335.4
11846197.0
12410933.2
12997959.6
49240515.0
9296677.2
9935057.2
14968347.2
9353364.4
10059476.4
9120821.8
8386224.6
8508567.0
10439129.6
9453900.4
8311058.6
9193356.4
10750838.4
9139229.8
12970984.8
11171036.4
7784094.2
7638045.6
8889235.0
9279732.4
9504380.8
8044414.0
6862526.0
9425002.2
11163909.2
9377235.8
9303462.2
7324248.2
11535385.0
7997249.4
10800032.6
9255318.2
11014202.6
9917121.2
9289797.8
9724061.4
8221449.4
8173954.4
10271935.4
10864236.4
10997682.6
14976843.2
10823750.6
12211064.8
12869445.8
22646276.8
13866239.0
17631206.0
16096828.4
9818013.0
11869242.4
9112797.8
18426738.4
11192382.6
14466351.6
14722978.0
36256514.8
19502922.0
17961181.2
24922638.4
11591458.6
14797270.8
23445927.4
12350505.4
11414222.6
10174408.4
10232676.8
11014521.2
11181621.0
9920661.2
11190341.2
11019300.2
10635729.4
13517077.0
12304544.4
17578448.2
17456861.0
18123962.2
15646151.0
21521760.4
19348035.2
20151898.4
15782759.6
11918767.0
11153312.8
12848736.8
13604975.2
10283015.6
9730480.6
15094453.8
14702339.8
13103357.2
11004243.4
13284027.0
14664025.2
10529930.6
7920915.2
9848091.2
11670506.8
8339838.8
11220513.8
7847814.2
10047688.2
9292806.8
7144982.6
9363842.8
9448295.4
11020315.0
11043266.0
14397770.0
19977919.2
18174773.0
16684810.6
18460061.6
9382569.4
10480842.6
10658786.6
14517858.6
12073913.4
11740952.8
11467098.4
11372332.6
12337643.4
15925634.0
13897461.8
10530461.6
11054216.4
14851244.0
18529398.4
18118262.8
14089023.0
11560224.0
15908866.2
12601585.8
10842465.4
12465968.4
9816962.8
11605654.0
9052452.6
14833614.8
14321211.6
10570605.2
9158050.8
11427320.6
10628944.4
10305978.4
8538574.4
6698175.6
8634591.0
14656284.4
16511244.4
9964498.2
13944744.4
14148306.2
11454389.8
11559409.8
8512508.2
8294739.2
9357459.0
9604551.0
11183060.6
9041360.6
10982389.8
9723117.4
11426423.8
8981416.6
11867850.0
8787212.2
11866280.6
10707579.6
13885579.2
11701989.2
20653669.8
19577285.6
15146338.4
11858492.6
13703694.0
10879305.0
13817233.6
9983248.4
17490880.4
16673978.2
18157663.0
18690291.4
21556369.8
17694076.4
12780367.6
15312093.0
16197175.6
16248187.0
11442106.0
8033605.2
9576667.6
8253486.4
14945962.6
12497627.8
7495265.6
7047774.2
7442743.8
6013150.2
6830040.6
10453572.8
9949559.4
8184185.0
6163836.2
8871310.8
12100947.2
10486565.6
8561808.6
7842976.2
9319864.2
10512018.2
13216165.2
7914448.8
8106836.0
12004140.0
8243244.0
8592512.2
8135746.0
6807231.2
9386121.2
10719910.6
13482798.0
6363433.2
9915233.2
8842294.6
8346777.2
7188241.4
7183108.4
10265174.0
6633901.0
11777627.2
12469414.0
13455846.8
10998567.6
12982053.2
11334785.0
13993974.0
15496397.2
11499914.2
14274271.2
9342142.6
9227470.2
13323852.0
9490869.8
12870944.4
11600285.0
10207590.0
10297482.4
10347986.4
21407040.8
22978175.4
25381870.8
20989745.6
20131732.2
24873031.2
19855081.2
23839846.8
20566184.6
19300469.4
17904588.4
20340403.4
19478083.0
19055265.4
18943425.0
20211028.2
20348156.0
21699515.6
21756828.2
27431625.2
22823217.8
23076150.8
17029406.0
18897959.6
17865919.8
20219736.6
19209467.8
20155025.4
17705133.0
21945557.4
22014198.0
20629232.0
19271653.8
20072213.0
20477590.2
17577268.2
17760663.8
20051905.2
18692710.4
19412581.2
21648114.8
20391721.6
20171486.4
19921892.8
21307083.0
18980370.8
20462675.0
25019351.2
26574272.6
21643477.4
21235339.0
21016673.2
20973308.2
20706923.2
20154541.6
22755179.0
22280476.8
17964414.4
20508423.6
27500277.6
20036423.6
20514536.0
23197407.6
19622597.6
20567588.8
18155786.8
19552033.6
17787438.0
18261621.0
18332716.0
20387060.6
23915685.4
19050392.0
18836552.4
19616591.4
21155099.0
22756453.4
23352223.6
18312077.8
17756073.6
19301484.2
20789240.0
16941696.6
18897865.2
18320031.0
17981618.8
20060271.4
25949745.8
31193512.4
29331873.6
28317345.0
29071577.4
29031835.0
28204112.2
27785330.2
38465935.0
33833526.4
28674519.2
31285458.0
31751723.2
31735781.4
31974153.2
31363125.6
29257958.4
28752729.6
30017170.4
31863551.8
31295676.8
32725046.2
31773694.8
29086398.2
30866581.6
31416721.2
30264769.8
27271758.8
29449625.8
31089896.6
39310390.2
33927442.6
31796988.0
30978551.8
30387985.4
31510590.2
35677300.0
31933832.6
29863192.2
32064399.6
30756003.8
30269619.6
31776633.0
18924568.6
18344020.4
18096362.0
16606659.2
17774399.0
22635338.2
19568860.4
19743984.2
17339462.8
19716041.8
17393164.6
18855149.2
17163406.8
20380110.4
19570453.4
20835448.8
32687180.0
34790246.8
42108536.0
43299793.2
30079675.0
27788327.4
31345236.8
31670220.6
39448509.2
51032746.2
53739595.4
56395232.6
50607037.6
50612984.8
48791147.4
49028256.6
48411730.2
52367692.0
52947225.4
50677495.4
49979560.8
48891683.4
57740279.2
56460970.4
54955998.4
55927221.0
60442597.2
56831478.6
60112291.6
55796500.6
53447911.2
56217831.4
54712540.8
55785998.6
59465061.6
55222383.4
55132786.0
54749640.0
61404379.8
63709474.4
58410554.6
60867090.4
57754439.2
59576925.6
62128569.4
55793114.0
54056803.0
58356310.0
61759618.8
56698634.2
53977530.6
58079246.0
59898794.2
57740656.8
60540513.6
57247546.6
55045359.8
55917096.6
54561736.8
56194538.2
58091329.2
55831605.6
55151890.2
55112242.2
58522182.6
57450317.8
60223742.6
60685582.8
57487169.2
62210201.8
54164253.8
54620453.6
66833406.4
57945422.2
59802789.4
55187490.8
34295177.8
32606031.4
33376311.8
34120254.6
34501253.0
31955780.6
33594541.0
31391811.4
32229410.8
31449277.4
38389459.2
31210020.6
25707775.0
24250522.2
20241590.2
20187180.4
21982939.8
21443561.8
24347270.4
32007452.8
35541517.4
35938622.8
35208769.2
35551523.8
36853712.8
37270618.6
36847104.8
35642820.4
35599219.4
37392772.2
36253387.8
36049885.0
36654517.0
29782315.0
23630727.2
24867921.8
24835318.4
26506941.8
34336265.4
25799956.6
22428708.4
23037789.0
23477940.8
23012678.6
23537849.4
24331293.2
23750768.6
22400978.4
22778436.8
21692199.6
21961062.6
21009852.8
22450408.6
26240332.6
23155505.8
23614584.8
31700074.6
30837907.6
26239896.0
30461027.4
29635298.8
29657447.4
29248884.2
29826529.6
32960291.0
28382127.0
33125502.8
38634179.4
38942159.4
42531754.8
40770427.8
37368192.8
39589247.8
37707112.4
35291581.6
38971742.0
36321450.2
36395495.2
34301384.6
37467796.6
34780582.6
33676279.6
36175177.4
34266444.8
34333433.4
32814513.8
33741073.4
37220563.0
37008328.2
35771310.6
37991610.4
36831186.6
36117794.0
35231330.8
35463153.6
37061971.0
39373225.2
37217176.4
40961021.4
41192266.0
39455353.2
41145018.8
48308315.0
46562103.8
50142695.8
56745492.0
55888387.2
75436408.8
64625378.6
56156211.8
56493113.6
54040117.8
48535205.4
52379527.4
63129457.2
63463468.0
57879991.2
55881413.4
30805103.6
