17747955.2
23253339.6
21104087.6
26163325.8
37924539.2
20553676.6
15460725.8
13858203.2
21591569.2
32821416.8
22291439.0
19691556.8
18170737.4
18850830.4
19215828.0
16961402.6
13686572.2
15538440.6
14386465.6
17208482.8
13398723.0
13123464.4
16693637.0
18684993.2
19253670.6
13315686.4
17412799.8
18256216.6
14183092.6
12680964.4
14201583.2
17455515.8
16651664.4
16120275.0
16299599.6
14958069.4
17543579.2
13990304.2
12808569.6
12035056.0
15826726.4
15832237.0
20631249.8
14953491.0
13933935.6
13481275.8
13897579.8
17477204.2
14407434.2
16294867.8
14115407.8
17203503.2
15230354.4
13776441.0
13995437.2
13868327.6
17821823.2
16051351.2
17554541.4
15492703.8
20216822.0
12802787.6
11755490.4
14644873.8
13213321.4
22381614.6
10172036.6
11730568.8
15167200.8
11223039.0
14027167.4
16565052.4
13842993.0
11710261.0
12877517.0
19729729.8
15410540.4
15346313.0
14414372.6
12638047.8
15254438.2
12902733.6
12215737.6
15646729.2
12200692.6
11282711.6
14925690.2
15294192.4
21753972.6
29390366.2
15265211.6
16350894.2
14941266.2
13711871.4
11003346.6
11860652.0
15177549.4
16406602.0
14140353.0
14139527.0
16750123.6
19818819.8
16938723.0
16292106.6
13751035.6
14724051.8
16423287.2
16040459.8
15552317.4
18542484.6
22548926.8
19537000.4
16716953.8
16099046.8
17333468.4
17682453.4
13137589.0
19342784.2
22165155.4
11055243.0
14370004.6
13311509.2
12442014.4
11940774.0
15413254.4
13875289.6
14781140.2
14368659.4
13665344.0
21449037.0
15498639.2
17396433.2
14119254.6
12735220.8
12363792.2
15636923.4
16743834.2
12752083.0
13876894.4
16280814.0
11323575.0
12075459.2
22923989.8
18670809.6
19526297.8
16832039.2
14429913.2
13204447.8
14073069.4
13681592.6
17300109.8
19325815.8
24688113.4
23969375.4
19181950.2
18953655.6
24913281.0
29058137.2
29246134.8
18273668.8
28962451.0
24903628.6
23227828.0
18529540.0
31008394.0
33322043.6
22189746.6
20576674.8
25547778.8
21466843.2
15353546.4
12517746.8
13039460.2
12899807.2
14028087.8
12009249.4
12131226.0
16202237.8
16442261.6
12423818.8
18311653.0
16848866.0
18641911.4
22151597.2
19374951.0
15282191.8
16415062.6
14973633.6
20292176.8
16694935.0
16093158.6
13200955.0
12650060.2
12438958.2
20317688.4
18740429.6
19465964.4
18902939.2
14441784.0
18177239.2
20381738.8
16847591.6
14597107.4
12271728.6
13881921.2
14095690.0
16842859.8
14079016.6
13956025.2
16218191.4
13355971.6
22103347.0
24094880.2
24939606.8
20399332.6
17353339.6
16228315.8
16425942.2
19810760.4
21670770.8
21754645.2
17053773.0
17220448.0
19183743.8
21831805.4
15554205.4
15056186.4
20038382.4
16437034.2
20652843.8
14051239.4
16932799.4
13504769.6
12637387.0
14755652.2
14550804.2
13250857.2
10220947.6
15649219.0
19025151.8
16937708.2
13036321.4
13651715.0
11429338.4
11574454.8
13174593.8
14343938.4
14795312.0
19678187.4
16926852.2
15088789.8
13362851.0
13840432.4
17584312.8
16930923.2
15431544.4
18169958.6
18581613.4
22392175.6
15784789.2
17133328.6
14949962.8
16742217.6
15920583.6
14894255.0
16127437.6
15415720.6
18827997.4
14524183.4
14006836.0
14683825.6
14125591.2
17685851.8
18613603.2
23550274.8
15639012.0
17704236.2
18242316.2
15911391.4
16688999.6
16588971.0
15606538.4
19155305.8
24493932.6
21718360.2
17802955.0
14957432.2
17713817.8
15450341.8
16505143.8
14383468.4
15385076.0
14366358.4
28283089.6
17209816.2
14633864.4
11511018.0
12590434.8
12534915.8
13692684.6
12980896.8
18724841.8
18880731.6
15786087.2
15745141.2
14620542.2
13426748.0
14890467.2
15624085.0
15584212.8
16259326.2
16728317.2
16481414.0
15057437.2
13605081.4
13549208.4
14580162.6
16461955.8
15138786.4
17077337.6
14990377.8
17565043.4
17057147.8
13648588.0
17278834.4
17255399.6
16927619.2
15427296.4
15307066.2
15897998.4
12334988.4
15253045.8
20463076.2
20620653.4
18622488.6
19109710.6
15137040.0
16202391.2
16897836.0
19918081.4
18559877.8
16425328.6
19292280.2
19780930.0
21479315.8
21615393.4
24684738.6
21060109.0
23175105.6
20278288.2
20711596.0
13695847.0
17685745.6
13214442.4
12300662.2
13288251.4
12338681.8
14619291.4
21140880.0
14097943.8
14754602.0
15877336.6
12867144.8
14405109.6
12084946.4
14810286.2
15070417.2
17180941.6
14620046.6
12488412.0
13770611.8
12897518.0
15765366.4
11070559.4
11083043.8
13426110.8
15624120.4
16553040.0
15285932.4
24923169.4
17256615.0
16256777.4
17030031.4
21286952.2
11893680.2
17150934.2
16242416.8
14126322.8
13658051.6
16716942.0
13129163.8
14357827.0
13954951.4
13776405.6
12799896.6
14442586.4
11873549.4
14129591.4
11193810.4
16523469.2
11881384.6
13632150.6
12120322.8
15132131.2
12992744.0
17832018.4
15359127.8
12898119.8
14438503.6
17275259.0
19038922.4
21119132.6
15135163.8
13535862.6
19494225.4
17601729.6
22433074.4
22644919.8
15933941.2
13033465.8
20196148.4
17387193.8
17442653.8
18936651.8
12408726.6
13603464.8
11460396.0
17638970.4
15860155.8
16073901.0
20833029.8
16321724.6
16664196.0
14856046.6
14641381.0
14278731.6
22057515.8
18982943.2
14758956.2
14412083.4
15143612.6
18651080.0
14979285.8
17842485.0
17200128.4
21206275.6
20958735.2
18321435.2
21359380.6
18674432.2
18094851.6
14306013.2
16821690.6
17461522.0
16495054.8
18387078.6
22902903.2
15596201.6
14594428.8
11706520.4
12034761.0
16724010.2
15068765.2
31261445.0
20429623.2
23377393.0
18269751.2
18062826.4
17176587.4
22632671.4
20124900.0
12815260.2
13018597.8
16564969.8
11613784.2
14381639.4
13694301.2
14938233.6
16448492.0
18857851.4
21178250.6
13104490.0
16000422.4
13016249.6
17418275.0
15636593.0
14437075.8
15231451.8
17609116.4
16476694.0
11444430.6
13237653.0
18986613.0
14784361.6
12528107.2
13566507.2
19168061.6
18884460.4
15133641.6
11595789.2
10129946.0
11678814.0
11663320.6
15548954.4
14018919.2
16703242.2
18667057.2
14064502.6
14113944.6
12204574.8
16239868.0
20560685.8
25604501.4
31213218.4
36583976.6
22539132.8
15366066.2
16001095.0
18772926.8
14600151.8
11344555.4
11460254.4
14877758.6
14292620.2
13651644.2
14146984.6
14643021.2
13461864.8
17404952.8
11822361.0
11214684.6
10720406.2
13450159.2
12240281.6
10496159.0
12432503.6
13029005.4
13461676.0
16813867.2
13936602.4
13953629.8
12426969.4
14590664.6
12251597.8
14975486.2
15811634.2
13015341.0
17122224.8
20600841.2
17762964.8
16628099.8
14494105.2
14041976.4
12984130.0
16494559.2
16113879.4
15751843.6
15711263.4
14460557.8
14430998.8
15717375.8
19643943.8
21099060.8
17677839.6
16718570.4
11026462.8
13130874.8
15979040.8
15132685.8
16639298.0
17515990.8
14207884.4
13698608.2
34056440.2
41167934.4
14201359.0
36422080.6
12532638.4
13785845.6
16640607.8
43140859.0
17239092.0
41677175.2
19485517.0
25433071.0
22719720.0
17215244.2
14446999.6
17121717.4
14632625.4
17596384.2
20463076.2
19129121.6
27292161.0
21776180.2
18219601.2
17554978.0
12662745.2
14857627.8
12672444.8
17613600.4
20296082.6
18090568.2
13092678.2
16481296.0
20608593.8
17472401.6
14713715.0
13156799.4
19796706.6
17693014.4
23278957.4
20402247.2
18985669.0
16574964.4
14987994.2
14032701.6
15412711.6
22659728.8
43316360.4
18138830.2
15152226.6
16984707.6
15991643.2
14762272.0
20574834.0
14452876.0
11596237.6
14803477.6
19004183.2
11653821.6
11571174.4
13732226.4
15041589.8
15830337.2
15604107.6
20176171.0
19714071.2
16455159.0
16476009.6
16722865.6
16730205.2
16489308.2
14268029.0
18769988.6
22266375.8
21008661.0
21831463.2
21724956.4
18549163.4
17956744.4
18852930.8
17278232.6
18428886.0
19852591.4
19539159.8
15728810.0
18227200.4
24803246.0
17178475.4
13689746.4
14305517.6
14182644.2
13054340.0
15826443.2
15190376.0
10239485.4
11131943.0
11005824.6
13097008.8
12622436.4
13973666.2
12702676.4
10583809.4
15820047.6
16585726.0
17031235.0
14559347.4
13823558.4
14023993.2
15957612.0
13085857.8
14429866.0
12307447.2
13841588.8
12485627.2
12649092.6
11640322.4
14411399.0
15941186.4
14478057.2
14473962.6
20314242.8
15778724.0
20131354.6
20783635.0
15818395.6
14755310.0
15624545.2
15708254.4
14047616.8
15109015.0
17130650.0
20549794.4
20278772.0
18032016.6
18259390.8
19862350.0
21640008.2
21282444.6
18812987.8
18740146.4
18035025.6
18406312.6
15748964.4
19239793.8
19236879.2
18148588.8
18326745.2
17827451.8
19145098.8
18447541.8
20676963.0
20835614.0
21062716.8
22531486.4
18267639.0
18792857.0
21083756.2
16597939.0
12828594.2
13313066.8
17219657.4
16447819.4
12348806.2
13961760.0
16062384.2
17131228.2
17377635.8
19505105.0
14568988.0
14412732.4
15709198.4
14169593.4
14880578.8
15773119.0
15234130.4
14280832.0
16492706.6
15557049.2
16066455.2
16257402.8
18798556.4
16196208.0
13863336.2
14030695.6
15865288.8
14971049.4
15661561.8
14935189.2
16206828.0
14142276.4
12890296.4
14098191.6
10997222.4
14873805.6
14190326.0
17461309.6
16073228.4
17066068.6
13926041.4
12802327.4
12049511.0
13078282.2
12048921.0
10824317.0
9989691.2
9663928.6
12633622.8
12964848.8
11267477.8
11826750.6
11824544.0
9712285.0
8530314.4
10643977.6
10509799.8
17440081.4
13472107.2
12759764.8
13156764.0
14952275.6
17302989.0
17702749.4
15415343.0
12096781.8
12309358.8
13259719.0
15268975.8
16001165.8
17803356.2
15782146.0
16241071.6
17548311.0
20495278.4
23549307.2
20383591.4
21133847.2
17426523.2
12898910.4
14119313.6
13773101.6
13292405.0
17965535.4
17190122.0
11883886.2
11230307.8
17283401.0
16787694.8
8978667.2
12090563.2
11796578.0
11085203.2
13353045.2
16897682.6
17152680.6
18572279.6
12870448.8
12972695.8
19088506.0
11577511.0
13482573.8
14063346.2
19112495.4
18147751.0
16067564.4
17600455.2
20707584.0
20757415.4
21808264.4
18426054.0
21828312.6
23042992.8
18939932.2
19199862.6
19771879.4
16484257.8
13820726.4
15264668.8
10482600.8
8279257.6
12561808.0
11716349.8
13666677.4
15711334.2
18006198.2
21245935.4
17198889.4
18084479.4
17785137.0
19059773.0
23456818.8
19820495.4
18369685.4
21153871.8
18097081.8
16366824.2
10627422.2
10817543.8
9364279.4
12539647.6
14805235.8
17394285.6
17173484.0
18012298.8
19555302.2
18343642.8
19160627.6
14892662.0
16777240.0
17861140.8
20235749.2
20922025.4
20496729.8
14751203.6
12177446.6
13560347.6
13540712.4
11792802.0
13533573.4
14990661.0
15955665.0
15047761.2
21392786.4
12580168.8
11919333.4
9719530.2
9301633.2
10596034.2
11572472.4
14783866.0
14285198.0
17254231.4
14871363.0
17686040.6
16673612.4
14454469.0
19358938.4
19362006.4
16810858.2
15630622.2
13266846.2
13035129.6
12270938.0
14922539.6
16369609.0
14262247.0
12180337.6
14132930.8
16448421.2
14914964.0
13123901.0
13693498.8
16603992.4
15497223.2
13142438.8
15579988.4
19179094.6
14146205.8
14775617.8
15609689.0
14535924.4
13275377.6
15634681.4
14711685.4
12414201.8
11695180.6
10131739.6
11163873.8
12369291.0
13716827.4
14009337.6
9698856.6
9277573.0
11609677.8
10811761.8
13041678.6
14213477.6
11545025.6
9772500.4
12028412.6
13000461.2
13116018.6
9129695.4
10313849.0
10072303.0
11810136.2
13899503.2
13104501.8
15659827.2
16825997.6
13891715.2
15489871.8
13600290.6
19821002.8
20106114.4
18146028.2
18742943.0
20304850.0
18161722.2
13440754.6
14193889.6
12557194.2
16740365.0
26484698.8
23715498.4
18774531.6
17938513.4
21955740.8
24529037.6
24255065.2
28659722.0
25921272.4
17717829.8
25696706.6
33306809.8
22225595.0
18113531.0
24110963.6
19920701.0
21500225.4
16927890.6
10744147.8
9824314.2
17071237.0
9934231.2
14939071.4
14167870.6
17675267.2
12641776.6
14100504.4
13981619.4
18698114.8
16168855.6
22480534.0
15609582.8
15861099.8
20391285.0
16018677.0
17335627.8
18537670.2
18536714.4
19127115.6
18183363.4
17761312.8
12272259.6
13962220.2
13790518.4
15584531.4
16451229.6
13726704.0
21793042.4
27461597.2
20700539.4
25378614.0
27902032.2
22297728.4
16639699.2
13361411.4
13725347.0
13029701.6
12038395.4
16381975.4
20311127.6
26170417.6
22641391.6
25031953.6
23986261.2
27522532.4
18228994.0
18726163.4
16506500.8
26808396.4
20180938.2
13963954.8
20409527.8
22226845.8
20875415.4
26421627.8
24178849.0
33052932.8
26808644.2
17541891.8
36319621.2
16477213.2
13334755.2
13993513.8
14587632.0
18027733.2
20380275.6
14211542.4
14514118.0
14320904.8
15801061.4
12732790.0
16576474.8
17516769.6
18124328.0
23733788.4
22500570.4
16170495.8
17058953.2
18290259.6
15126809.4
12248990.0
14123455.4
14794686.6
16594776.6
22249950.2
18763298.0
18843892.0
19943628.4
26490315.6
28561817.4
23419141.4
24151390.4
21997158.8
22069658.0
18580787.4
16830434.4
13140456.4
13487718.6
13120703.2
10884284.6
16643852.8
16384701.2
15910565.4
17680164.2
18497042.8
11078524.4
11099339.6
10895353.0
14250659.4
14243319.8
13774352.4
17717346.0
17218725.2
14329153.0
15806937.8
16581950.0
13617023.0
10596234.8
14568114.8
11589724.0
12804345.2
12080427.0
13795946.4
12077394.4
11907226.6
12577537.4
11202377.2
13897815.8
14328138.2
16572451.0
18474434.0
20392630.2
16404702.2
14198774.8
13423597.4
14246458.6
16156194.2
15311573.8
14585378.2
12578092.0
11778736.4
14692557.6
11626658.0
14239425.8
14794757.4
19881359.8
21612797.4
21356560.4
16802834.2
18368198.6
17284085.4
16515516.0
17562742.4
17037170.4
16166601.8
19503417.6
21423572.6
20106551.0
19510238.0
16222356.8
19659437.2
30739672.6
27772716.0
16669352.6
20619685.8
13135052.0
11233847.8
15273058.6
15835552.8
13618922.8
11657928.0
15430376.2
21076334.0
13991212.8
13903184.8
19605971.4
18019485.0
20525085.2
18887127.2
17752958.4
14120057.0
10521340.2
11457752.8
13257571.4
14902585.8
15582796.8
13240060.2
11474249.2
13069385.0
14530331.2
13453958.8
14938988.8
15458507.4
17787544.2
20901281.0
20155945.8
19265576.8
19054132.6
42392444.0
35630949.6
14900438.2
15446754.6
19814560.0
12902887.0
10347538.0
13102967.8
11346915.4
16047846.6
12029368.4
14921701.8
19469775.8
19638822.6
17170014.8
16726476.4
15842904.2
12579366.4
12150648.8
14599455.6
22027661.8
20248186.4
18172118.0
20692503.6
18948947.4
17353835.2
18821212.4
16108534.0
12268660.6
12563495.4
12971279.8
18833425.4
20068319.0
19444217.0
20199924.4
23051111.2
20707100.2
17631194.2
12739811.0
14301741.6
11187615.4
12829160.6
11208713.8
11849607.2
13008131.2
16214769.4
15867353.8
11377217.8
15796766.2
13941747.2
10648851.0
16544343.4
8758420.2
14347407.6
12848713.2
15926342.0
15854857.6
15514026.4
16622612.8
17217651.4
12710747.6
13609612.6
12114151.4
12774444.0
13012438.2
14003001.0
10984761.6
12700163.0
15533909.4
13598497.0
14045481.0
19301401.6
22860069.2
19638657.4
14672887.0
15636203.6
13851559.8
12550255.8
13199586.2
16916491.8
13573610.8
16262937.0
14028489.0
16423558.6
17095863.6
18969833.4
20952150.8
18289976.4
18385214.2
19956809.0
15726332.0
16710039.0
14364352.4
15581841.0
13546954.6
16121112.8
12074102.2
13202819.4
17900033.6
15560188.0
15984763.8
21007174.2
22501691.4
20400394.6
18841850.6
19031960.4
13619831.4
14787960.6
17856727.6
11181467.6
12814929.8
16477201.4
11915085.4
9444696.4
11228101.2
12963621.6
11716574.0
9871349.0
10492194.2
24957991.2
30926502.0
31533069.2
29461697.2
30148469.0
29786150.0
24319221.8
21988415.0
14820564.0
18581684.2
17391087.8
17243753.0
19593239.2
20230179.6
22901428.2
19211273.2
20751975.6
20480870.6
19301248.2
15838963.0
16051693.4
14516135.8
16904727.2
16014476.2
14239331.4
12329702.0
13637531.4
13599382.0
21987482.8
21963186.6
19695509.8
17059330.8
23917620.6
23636768.8
17104690.0
15256220.0
15887874.0
13877732.2
10860779.0
12932941.6
11634103.8
13020061.0
12978241.8
11798442.4
12583862.2
11608344.4
12913212.0
11129004.8
16728730.2
30641921.4
26344927.8
30270941.2
43518990.0
42195903.2
49643036.6
17932165.0
22396577.0
16108569.4
22162170.0
20841514.0
17261004.6
18433299.2
17837151.4
15152203.0
13211433.4
10632543.4
9959554.0
13226218.8
12178024.8
14530378.4
15481552.8
20265237.4
24980552.8
42579568.4
37606411.2
29162319.4
20172406.8
16773110.0
17318694.8
16809206.2
12621740.2
13647821.0
16003702.8
17339215.0
16729084.2
16396572.0
19176864.4
22533362.6
20219713.0
19373617.6
17270869.4
14906031.4
21299000.0
23082475.6
26442749.8
21634592.0
18829555.0
16206603.8
17631430.2
18814710.6
22237288.8
21683986.8
24492304.2
26194560.4
26517137.0
27107550.0
23438587.8
21535354.0
15637572.4
15493588.8
8665306.4
8839462.6
9317468.8
13452849.6
15313780.4
17734196.4
14327276.8
9413332.0
9145224.2
10335301.4
10018270.8
9235871.8
8519116.2
9352798.0
10949125.6
12661140.4
11145489.4
10589945.4
9447469.4
11357736.0
12539730.2
17224306.6
14459554.8
12746784.8
11552742.8
13641720.4
9820349.4
9102543.6
9969607.6
11829157.8
14682622.0
13950467.4
11770075.2
11605205.6
11773119.6
13557385.8
12688835.0
10794144.4
12907795.8
13192695.0
13632268.6
11907073.2
11088554.4
13588667.6
13976049.8
13597777.2
16425045.4
12604229.0
10649511.8
9546412.4
10828246.4
9514930.0
11799740.4
11615695.8
14351407.8
9446844.0
10788480.4
10691319.2
10719403.2
10222517.0
9691918.2
9179385.2
7481825.4
9754505.4
13485169.8
16799494.8
10795772.8
10432450.8
9151537.2
11998027.6
12771458.6
10988443.2
19286451.0
20531162.2
18239047.6
14870112.2
14670574.2
16234817.6
17718219.2
18399740.0
22487932.6
24898106.2
22809695.0
20520860.8
21089125.2
19397925.6
14406549.2
13140881.2
14442444.8
15560872.4
14932487.0
16238168.8
14239945.0
16008918.4
14081718.8
16677081.6
19401878.6
17158922.8
17206146.4
21211715.4
16879841.0
17149813.2
15979029.0
12158307.0
12416125.2
14332716.6
15728491.4
14208439.0
13921687.2
12574174.4
18679057.8
18721549.6
12926935.4
14848081.6
16919170.4
14044265.6
14026235.2
16812699.0
20415132.8
18397203.0
17604030.6
15923274.0
17091875.2
21046314.8
21344111.4
24174624.6
11522310.6
14859763.6
13222501.8
13327628.0
15232867.8
15509813.8
11582254.6
13714880.4
16309370.0
15075137.2
11248763.0
12371061.0
11393065.2
11618763.8
10113131.0
11308754.2
12659901.4
15016208.0
12473685.6
14949384.6
13311733.4
13679728.2
19714956.2
13197356.0
13476862.6
13097185.8
11263406.8
12141031.8
16953189.8
11815493.4
15145370.8
13711305.0
11843235.2
15474166.0
15332365.4
14800905.2
18480629.0
17878864.4
21663761.6
19370573.2
23438776.6
19583421.6
17719316.6
17831168.8
18326922.2
13252591.8
16867781.4
21837304.2
22658714.0
17775472.8
18095193.8
15902423.4
19337981.6
17530280.6
17953381.4
17247234.0
18504264.4
13857164.8
13811711.2
16717437.6
17638179.8
17642947.0
16922108.6
19758462.8
16488423.2
21699751.6
20387686.0
24660418.8
26889474.2
29378153.2
31382454.0
40119079.6
27791902.8
31285930.0
29225012.8
31430090.6
33803412.8
29977723.0
31376790.0
31848778.2
31634643.6
27397063.0
27092505.0
28188666.0
29800758.4
27985293.0
30291992.4
41208207.8
32576578.6
31843043.4
34712909.6
28527774.4
32568342.2
29316616.2
29999942.4
31908049.6
30269714.0
32344295.6
34891715.0
31670031.8
29459514.2
27039959.6
24329570.4
27445572.8
30301290.8
30941570.6
30325811.2
34849270.4
34095132.4
32581900.4
36422104.2
38331249.8
39495673.8
33033864.0
26812137.0
29189896.0
28491111.8
31553742.8
35911600.8
25879972.4
28814856.6
31224180.6
32451616.6
35099902.4
31832860.0
31400000.6
36861146.8
41138115.8
37040978.8
33574752.4
23061896.4
28725790.2
25801443.4
28107954.0
28196902.4
20674190.0
25611522.4
28749897.6
31329094.4
38211692.2
35915400.4
38238737.8
30362650.8
28671781.6
28507985.8
27330286.8
30410063.2
31516702.6
28930897.8
34909143.6
39949466.4
38084736.0
35847526.8
35542414.2
29353597.4
30697169.0
26614510.6
29515528.8
25104429.2
27597014.0
21775531.2
26372716.8
26062223.4
29231243.2
30011058.0
26695564.8
27247049.6
32786512.4
35429169.6
34522375.0
27651789.6
29425188.0
32025353.4
35198137.4
35303051.2
34700614.0
35964346.8
23990627.2
30273513.6
31710328.8
39451978.4
30080784.2
30778872.2
26615136.0
31828718.2
29991706.0
29240258.4
26640812.8
29032248.0
23000300.4
29181270.2
25147829.6
24106420.6
25704730.6
19501010.4
23371245.2
23990981.2
28037885.6
30619855.4
30794802.2
35490010.4
34203550.8
38816005.6
40111421.4
39183422.2
38805668.8
33499008.2
32289319.4
38273772.0
38900930.2
39387479.6
38489688.4
40655696.4
37789216.8
35670432.4
38840195.6
46467397.0
46031351.6
38653732.0
39777221.8
39144800.8
37130906.6
40808506.4
36950791.4
35677665.8
32644818.0
36814855.4
34777762.4
38124301.4
38124372.2
36136166.6
31061718.2
38411419.0
36641749.4
35597543.8
43848564.0
39676674.0
42296486.4
39666998.0
33978052.8
37901847.8
37127213.2
38118082.8
39497526.4
33528024.4
29574753.0
30368621.6
29755989.2
28112768.4
29375297.6
24842115.2
29910970.4
28042900.6
30945216.8
27532963.6
27462588.4
26011896.4
29088191.8
30834037.2
35190561.8
41511833.6
29798044.4
31217879.4
35715189.8
39326556.2
24363814.0
22960664.2
21487752.8
20523256.2
30574944.6
29871381.4
22947873.0
34643136.2
36489128.2
33491444.4
34190122.4
38363817.8
41858069.2
30010503.4
27250471.6
25074221.2
30074258.8
27502708.4
36919486.0
46038738.4
37475561.0
31624554.6
23527878.4
19438081.0
24418943.6
25373964.8
27175872.0
25836560.2
27660627.8
24321133.4
22028299.0
24106810.0
43102072.4
37987999.6
30060039.8
25836808.0
30990941.8
27665701.8
21986763.0
25920635.2
17704554.8
19881430.6
23170716.0
29553076.4
28263961.8
22852175.0
15385170.4
20158683.4
19988220.6
22658784.8
17044179.6
24197068.2
20214167.0
21103745.4
16361337.2
18852104.8
17501783.6
16426992.4
19346100.0
24260682.0
19915155.0
20494771.0
23186162.2
22343123.0
26605637.0
21074941.6
26775852.0
23097036.8
22222680.4
16564002.2
13774010.2
20150305.4
16402578.2
31179871.6
25676339.8
19538121.4
22373673.2
17054776.0
17186570.2
16954428.8
19420853.0
18445901.6
18819312.6
24556519.8
22901215.8
16998218.6
24674991.8
20249944.6
19246767.6
19279689.6
18887316.0
20699914.0
22560443.6
27575125.0
33359378.8
27388307.4
24501614.4
20455429.8
25196481.0
21620066.2
20171451.0
18870678.0
14860955.4
20693636.4
19515854.8
17365717.8
19197195.8
18957939.0
20501638.6
21471409.8
17848880.6
20657280.6
25493227.4
29888220.0
29870236.8
32652771.2
22460285.2
14530413.8
14784125.6
13649579.2
14418750.4
13188659.4
16162011.6
13335463.2
18438208.0
16253261.0
15227321.8
17639241.8
19752090.8
19554464.4
20281108.4
15736161.4
12696127.4
13319309.0
20580096.8
20567683.2
16425163.4
18144104.8
21307437.0
12919820.0
16854825.0
15907438.4
12393764.2
11069462.0
18914774.6
11608214.6
12872950.4
9948532.8
11825499.8
12365751.0
13019825.0
14739698.6
23998309.0
15762251.2
18924674.8
13997927.0
13469534.8
10669300.4
12058526.2
10485078.8
11358337.8
13134603.6
15541355.2
13488190.6
16883510.8
12134754.2
10443082.6
13044404.4
15245564.6
16158105.8
17414546.2
12766018.8
16412431.2
17203243.6
14684639.8
13870793.8
15015240.4
17820773.0
24190861.4
23566204.8
26874924.8
11143094.0
10323843.6
24578904.4
25714017.2
26652837.0
21978007.4
34427007.4
22657262.6
20759858.0
31553719.2
30693558.2
30422099.2
28133642.6
34390498.2
28432725.4
23960572.6
31290968.6
26704886.8
32138185.0
39569223.2
29925378.2
30183538.6
35283144.6
29717993.2
37114115.2
42984863.0
32605240.8
34505984.8
32389879.0
32112921.2
37506654.0
37447878.2
30016403.4
35646915.0
33093572.0
31559819.8
31373368.0
29406390.6
34277855.4
36647047.6
30971106.0
24704668.8
36054959.0
38363664.4
36864462.6
26853861.8
34509548.4
34239906.6
30770978.0
36255948.4
39367301.6
44048290.8
33960128.6
32272433.6
31443932.0
32169714.6
35371986.8
35575784.6
32877313.4
38949923.8
29866932.8
32633761.4
32630481.0
34473723.6
35203966.6
33111342.8
34361021.8
34472909.4
41068118.2
41460114.2
38696459.8
34324807.6
32352650.0
38909390.8
39391267.4
35073234.4
36222023.4
31522390.2
30544854.6
33481166.6
34612444.4
34745111.8
36396663.4
16296047.8
19900098.2
17381435.4
18881687.4
21835616.8
18562285.0
13356821.2
12684823.0
12195347.2
16493863.0
14856235.4
18197051.4
20925105.2
16815318.6
16458510.2
22336432.4
18414324.8
17593151.0
23175495.0
14879988.8
13139146.6
13606580.0
11348130.8
13435987.4
12657895.4
12667323.6
21980143.2
25557962.2
21663454.8
20010982.8
20957885.6
17890192.4
18568208.6
21122979.4
19187283.8
18799382.4
19721163.0
23406763.2
23312528.4
19273966.6
25241757.6
24801617.6
20001259.6
28052682.8
33315081.6
22720085.8
17735919.2
20120911.6
18290330.4
19223037.8
15860816.6
19008856.0
21331237.6
15185408.2
15385524.4
17311992.4
18482292.8
14402655.2
15389595.4
21245746.6
18548502.6
13618734.0
13960438.4
13764770.8
12876820.8
13154769.8
13370532.8
12157646.2
12819649.8
17737866.2
14349508.0
14278070.8
18949301.4
15476514.2
15324896.0
19997200.4
16237661.4
18024889.4
16338008.6
16032376.8
19213810.2
19065861.8
20887427.8
18368729.6
26871019.0
22074732.0
20912514.6
27881464.8
22485726.0
26688508.4
24038936.4
28114927.8
22754695.2
31905394.6
30343652.8
29077595.4
27320681.6
27851209.6
18210975.4
19720384.2
18082237.4
21656268.6
20854741.8
22379549.6
19912736.0
19523170.8
16364393.4
18265078.4
17571391.8
25288627.2
16323577.2
15872050.2
16017449.8
16669081.2
21645448.0
29528178.4
24232893.0
15410009.4
22887787.4
18737574.0
21123593.0
21669413.8
18819879.0
25166520.8
18758837.6
23816199.6
17745430.0
20227288.6
18004676.0
19197833.0
19346642.8
18401722.4
18879174.0
21865730.4
17962809.6
27481385.8
24528247.0
24637420.6
20394777.8
20433116.0
22489608.2
24507620.6
28126503.6
32382209.0
21051365.2
19201337.6
19185584.6
21542209.8
23280633.0
22700509.6
26388056.8
22863927.8
28357830.8
25063825.4
20782691.0
20922025.4
16810940.8
18799795.4
18911045.8
23341414.8
29247869.4
29024188.6
31193890.0
31386383.4
28975442.8
28404936.4
28832627.4
31306462.0
29712046.0
27966849.6
21851912.6
23037305.2
25391605.8
22009725.8
23964537.4
27363055.4
31192426.8
18996890.8
21243127.0
21228601.2
28534134.6
20653894.0
22225689.4
30159384.0
33003243.0
29898792.8
38750822.4
31036525.2
33605857.2
30629295.4
28771031.4
28684171.6
30512664.2
25268083.4
23523311.8
17694265.2
19075018.6
23144449.2
19259924.6
21348973.0
20914343.6
18341672.2
21997855.0
24348957.8
17857317.6
19493895.0
20123153.6
28948456.2
26718515.8
23293837.2
23617947.8
18543464.0
26954209.0
21662499.0
20415475.0
18602416.8
21845517.0
24587813.4
22698680.6
22271591.4
21096228.8
19988138.0
22634925.2
20686131.6
21156786.4
20851496.8
24254687.6
20466934.8
19635070.2
19127870.8
18569955.0
30124939.8
18070260.4
20899935.8
24093676.6
25291612.6
26307698.8
25271918.4
18348575.2
27649500.4
19514191.0
21283164.4
26722846.4
27699992.6
22625862.8
19505742.2
21806081.4
23659590.0
29461827.0
27597120.2
32035430.6
32038947.0
19666257.6
16982571.8
20001684.4
20329972.2
21923326.2
29204492.6
24226214.2
21843723.4
21740025.0
27468016.4
27526202.2
23011534.0
22972853.6
24632122.4
25879347.0
25007763.6
23968254.4
24608699.4
26105022.0
23237173.6
28397384.4
31069317.4
30051661.8
20134021.4
22834062.0
21377599.8
20577241.2
22665782.2
23747747.8
21371570.0
21502514.6
20008068.2
19649253.8
23254496.0
23743830.2
22020050.8
20000740.4
20617432.0
23005929.0
23431283.6
22967248.6
23853723.6
23244902.6
24956716.8
22589389.0
22775840.8
48967085.4
36400675.4
28843601.4
28574018.6
32813440.0
30275153.8
27693797.6
29152478.2
30534458.8
30828656.4
27819857.0
31478022.2
27686847.4
29380772.8
30736840.6
30929204.2
36959971.8
29492648.6
29555424.6
25247008.6
27706282.0
27402514.6
32408086.4
30448248.0
30506988.4
33022382.6
38729488.0
40903354.8
34269548.2
32094949.8
29508932.6
23737363.8
24850941.6
19860226.0
23102346.8
22668331.0
22507685.8
23403211.4
22396494.4
27152307.4
31507073.8
32147707.6
31557023.2
30380409.8
27964100.2
27593721.8
30992287.0
32024244.2
33853138.0
34237216.2
28049839.0
25725416.0
26931411.4
28949966.6
28660430.0
37340580.8
32778370.4
31627669.8
30102814.8
28120001.8
29177895.4
32194565.4
32858976.2
33300520.4
32285519.8
33420266.8
35998472.4
33864997.0
36716431.6
31730152.8
34176587.8
34623595.4
32007110.6
30887538.4
27701845.2
33939289.8
28562407.4
24403355.8
29540214.4
46101502.6
32111505.2
25903855.6
30022952.4
32649467.2
27264088.8
30601152.4
30702160.4
28159095.2
31237963.0
30387442.6
31370311.8
26302294.4
26352999.0
30089716.8
27147953.2
33949343.4
29801820.4
27226753.6
34237393.2
32372426.8
32679038.0
37466628.4
37599154.2
36250166.4
34826685.2
34415467.0
35084302.8
33912857.8
30586355.2
32185491.2
29903619.0
36295667.2
36832413.8
40522179.4
29394342.8
30350520.4
31775405.8
25588984.4
18278778.2
21389199.2
18300572.8
21148172.4
20503691.8
22562024.8
17157613.0
22058566.0
17774009.6
18165533.6
17510692.6
16923182.4
14594157.4
14873616.8
18654537.4
14222728.8
14573861.4
15255842.4
20528294.8
20115802.2
18915718.6
17789609.2
16224433.6
16438285.0
19439107.6
22542012.0
16331318.0
17490325.8
22457524.0
21299318.6
17706100.6
18440037.0
16246086.6
17523708.0
15446141.0
17204588.8
14125638.4
16305558.6
13644233.8
13712461.4
13193462.0
13670288.2
14988265.6
14274542.6
25805077.8
23174067.2
18906278.6
15697599.0
13711316.8
14545329.0
15950532.0
16575259.4
12338056.4
11819281.2
13543107.8
13131759.8
11221068.4
15007794.6
21391193.4
18746825.2
18478316.2
13986256.8
11783291.2
18251414.0
16147379.6
16996991.4
32486521.0
32324601.4
29552179.6
27341496.8
29426745.6
24054972.6
33607863.2
29730701.8
29449507.8
29615168.0
27857534.4
21683573.8
25784274.4
19829109.4
26762966.4
27669808.2
23121722.4
21375051.0
19154361.8
11417337.8
13039023.6
18002209.8
17531826.4
13872386.8
19128956.4
17319461.8
18518731.2
14908497.6
14922917.2
18389261.6
18710056.4
12966288.4
12551388.6
15098890.6
17737618.4
19926353.2
20355283.2
17967930.8
21999955.4
19720065.6
18598098.0
22148316.8
19923863.4
16410425.2
17269087.6
18023390.8
14619869.6
18813625.0
13035035.2
15169714.2
14144907.8
11769591.4
18795476.6
22828917.2
13278929.4
15205633.4
22130180.2
21026195.8
17582283.2
15631920.2
20292625.2
18000050.4
17570306.2
16618836.8
14008794.8
15437420.8
15244396.4
16230699.4
17978881.2
15758416.2
21815710.2
21031494.0
21605611.2
21760722.2
23428557.8
20793334.6
23594159.0
22710303.6
25729345.4
18038707.2
17600750.2
12564404.0
14353461.0
14979097.0
17013157.4
16566999.4
19002897.0
20564060.6
20411333.2
18419516.8
18336267.8
16588711.4
18525693.2
17847087.0
14288537.4
13694254.0
14614654.0
19300611.0
19288138.4
19663720.6
20850210.6
20770159.4
26312182.8
26818461.8
27502602.2
20212538.6
18662785.6
15833794.6
13776205.0
15434824.8
16554550.4
14860271.0
16039433.2
12255515.4
13506185.6
14281351.2
15606975.0
16047669.6
13462148.0
13905320.6
15532918.2
14993752.6
15590431.4
14964819.0
15103988.2
17286303.8
13083438.8
14159858.4
13951305.2
15358903.6
16139001.6
18877097.2
18171764.0
19803220.2
19251947.8
17311520.4
17750716.4
17731942.6
12577561.0
12064815.6
11696620.2
11234827.2
10719981.4
10220487.4
11421231.8
9911256.6
10636201.4
13502751.8
19895342.8
14362358.2
16889422.6
14995050.6
17285713.8
14837154.8
15851577.2
13243470.4
17280262.2
19668358.0
18837354.8
17152916.6
20679570.8
16214368.2
18927565.8
18824764.2
21229014.2
20172218.0
19347103.0
20554620.6
22663811.6
19312871.2
17253370.0
14072113.6
16007478.8
19805155.4
15120118.8
11269365.8
12298904.0
9481170.2
10777400.2
11231358.0
13410759.0
15013340.6
13517442.8
13302895.2
12689106.4
14604411.6
18017148.6
18270754.2
13498256.0
15087963.8
13797905.2
12701874.0
11104897.4
12275846.8
17153317.8
14857887.4
11105286.8
17176044.6
12175334.4
11044021.2
11240160.8
11194530.2
16647864.8
17833670.4
17530174.4
18368540.8
18128399.0
20787151.4
23965882.6
15065720.8
13748144.6
11670211.8
12374612.8
11781686.4
10040655.4
14318969.6
15991348.2
13876977.0
10338829.6
10622950.0
13930431.0
11761355.0
10783430.0
12230428.6
13486326.2
13615453.6
12210899.6
12226711.6
18669960.0
14264996.4
11104555.2
13128916.0
10737598.8
11303963.4
12182402.6
12821242.8
13176505.4
15221622.4
13499589.4
13850804.6
12178709.2
14303169.4
14836600.2
15962556.2
14804103.0
14761021.2
18329435.6
14803229.8
14954954.2
13374261.6
11292883.2
13394168.2
19575810.6
9471116.6
11894282.0
11802843.8
9549987.8
13296181.0
12139816.4
9054718.2
11726415.2
10553625.0
11796082.4
10928416.6
15025270.4
13012874.8
11220159.8
10162750.0
11955559.4
10410927.6
11472963.0
15227947.2
23330865.6
26194418.8
28349606.2
25576311.2
29138164.8
35010151.6
28309427.2
21014053.6
23265422.8
17011965.6
13765832.8
11443274.2
15004384.4
17738668.6
15836426.0
19455132.0
15547750.8
14878112.6
19166409.6
15610113.8
16880218.6
12102929.6
15547656.4
14513858.4
15582100.6
14886974.4
19596024.0
20335034.4
14573885.0
14783641.8
14508878.8
19896145.2
16536142.4
19426658.6
14563725.2
18013419.8
23253398.6
17237192.2
17365918.4
17775496.4
16283303.8
14280100.4
13407856.2
15452583.8
19994710.6
27246719.2
21037807.0
12964907.8
12316639.4
11630599.2
13369482.6
17822389.6
12768555.8
15646575.8
17885708.4
18258659.2
19468843.6
17745347.4
17539189.6
13628126.8
10343821.0
13488320.4
13578932.6
13545267.2
20471041.2
15731016.6
21113893.4
17335946.4
16314503.0
13844007.8
15882540.4
13897143.2
16684787.0
10951768.8
13169803.0
11836627.2
16438544.6
16854482.8
16829171.8
16067316.6
20228492.2
19115067.8
20120486.8
21230737.0
28103434.6
26576585.4
30734374.4
15505152.8
17415100.8
18618594.6
16862353.4
13756864.8
17915550.6
14790261.6
13973713.4
11917469.0
12145976.0
14057092.2
16709390.0
13831275.6
15039288.8
17773608.4
16820345.4
11823340.4
14094179.6
9877673.8
13909686.6
12148926.0
16389633.6
14562238.4
10745056.4
15430883.6
11826904.0
15131234.4
18364174.8
18584598.8
21542504.8
19488986.2
17745264.8
22101765.8
20099081.6
19028691.8
12486122.8
17920884.2
23518875.0
21364324.8
32075999.0
17416953.4
18198007.2
16890236.8
13773467.4
13779343.8
13638628.8
12636242.4
15868545.6
19222436.0
14805530.8
16443099.4
16806869.8
17884504.8
13604102.0
17799002.0
17858816.2
11171071.8
11181868.8
15695593.0
17004071.4
16868937.8
21667514.0
21472224.0
17611488.2
18840269.4
19207214.0
14755097.6
13916341.8
15140851.4
13364066.4
15396533.8
14066414.2
20486688.0
19061425.0
15825806.0
13484072.4
19172911.4
12378919.8
14482187.2
14994035.8
15382326.6
20668950.8
16423181.0
21003834.8
12830895.2
11870139.2
16360723.6
14666208.2
16802220.6
15105368.8
18459058.6
20427334.0
22343099.4
20715867.6
27283971.8
30019860.8
32272787.6
27359928.4
15948242.8
15277530.8
25095650.0
24949754.8
12511386.6
9655857.4
13901603.6
19704088.4
20894649.4
15688796.2
15862020.2
15976987.6
15578985.4
14799890.4
16806421.4
12634625.8
16843697.6
19239392.6
16797972.6
19211922.2
18863657.0
14621014.2
12854530.6
16318161.0
24419179.6
26892471.4
24819459.2
22118368.4
23131174.2
15695805.4
14895942.4
15259040.2
16059717.4
13088973.0
12582163.0
11383283.0
11641549.6
9684602.2
10552386.0
13645260.4
14070296.4
11562584.0
10908274.0
10072220.4
9366875.4
13586744.2
14172189.4
20160996.2
18652248.2
19371222.2
29280248.6
13645118.8
14797400.6
19235982.4
20240469.2
15249623.8
18997398.2
18565128.8
20474593.0
20351377.4
25111945.8
29198415.6
27667483.6
25316569.6
16515728.4
15676760.2
23432947.4
19311514.2
18887575.6
17702690.4
18158205.8
15230472.4
12513900.0
10827868.8
18104445.0
13473830.0
12279752.6
13961701.0
15556058.0
17666240.2
22367301.2
17972202.4
13429462.0
13191550.4
12984094.6
20172843.4
17855335.2
11709293.4
12151887.8
11693929.8
11863731.8
16014783.0
17705003.2
16987598.6
18656944.6
20093382.2
19862562.4
22771073.6
18874548.4
16426496.8
16070408.2
17183219.0
15874917.6
21961216.0
17317573.8
12467419.8
13980274.2
15635708.0
16869291.8
16088261.6
16405941.2
14015426.4
17599617.4
15925964.4
12456740.8
16294195.2
16509946.4
14534201.6
10876827.0
12404065.6
13266775.4
12888432.0
12401788.2
16782526.4
18832162.8
20789499.6
27296019.6
19365440.2
18153367.8
19665266.4
17252072.0
15600508.6
17538989.0
16285451.4
15821617.0
12619439.2
10945149.0
11577039.0
15203426.8
19463533.6
13236425.8
13231269.2
13137176.0
14033539.4
16051988.4
14534178.0
11460337.0
10517953.6
16226852.6
14486057.6
18204591.6
18337931.6
10642538.0
10802333.6
13961618.4
16745981.8
10525010.0
19180817.4
16242912.4
16246735.6
16193777.2
20087187.2
21172692.8
21772545.8
23268408.2
17676093.2
16202403.0
17748238.4
22857343.4
30548276.6
27366973.0
20255018.6
12631734.8
12373810.4
13070057.6
14042188.8
19903461.2
14216793.4
14431282.0
13665426.6
13731022.8
18892236.6
17248107.2
21535790.6
20028234.4
19786594.0
16847485.4
17501736.4
17681226.2
17883419.2
15775691.4
14263745.6
10211637.4
12949237.4
11799952.8
16327211.6
19167577.8
17640646.0
14200379.6
16163876.0
26659692.8
27691260.6
20979196.4
17701085.6
13017500.4
15306263.8
13220590.2
10839598.0
9669628.0
18593661.2
12802964.6
17488520.4
13503212.0
11891957.4
11905657.2
13711552.8
16149916.6
12095790.6
10981398.6
12025462.6
9987390.2
10507262.8
14355254.6
14036501.2
13595157.6
13794672.0
11943901.0
14651151.4
17396492.2
20376629.4
23057931.6
20193399.0
19933869.8
21279577.2
17131322.6
17396940.6
20230533.6
17301596.6
15326052.4
12987233.4
10065010.6
14637699.4
14405900.2
12719408.8
13269489.4
15412357.6
13811286.4
13041419.0
14446846.2
16812663.6
16229790.8
17469286.4
15932501.6
16233047.6
18093707.0
17114012.0
14082521.2
13357718.0
13255931.2
15673055.0
15610066.6
15586773.4
16055788.0
16351378.0
20620370.2
21674948.0
26055674.4
25471126.0
28129784.0
24782006.0
31803324.6
23881878.4
19161052.4
14476830.0
11795893.6
12463313.4
10197512.8
22717194.8
18303664.4
12303116.6
10178149.0
16064649.8
25696777.4
22859786.0
18539145.2
26939164.0
18673452.8
19278722.0
17447196.8
17769242.4
16385928.4
14216793.4
12737333.0
15229363.2
17497712.6
18180555.0
22279580.0
20905588.0
17931787.4
23891117.8
25479539.4
26397378.8
20531433.6
21743175.6
19922919.4
21022915.4
15033919.8
17692695.8
22290495.0
24105523.8
25367887.8
18938516.2
16685235.4
15976350.4
14654538.0
17343415.8
17306104.2
20767657.8
16181446.2
18888649.4
19082016.0
19774310.2
21094057.6
26592586.2
28563375.0
29877163.4
29836724.8
27212475.6
23393016.2
22680933.4
20894342.6
23418740.2
23006578.0
21024296.0
23009610.6
20460515.6
24778336.2
24048175.8
14376577.2
17997112.2
17263824.8
16947667.4
18531251.0
22696969.6
19803196.6
23567656.2
18209878.0
22483106.4
16962570.8
17697026.4
14084657.0
15225339.4
16014240.2
16834234.0
18827950.2
19782180.8
18360599.4
16896549.8
16996177.2
23372366.2
25944341.4
24919995.2
22329140.0
22096550.2
24439145.2
24331659.0
18896402.0
20011030.0
21293619.2
23728395.8
22906195.4
15855424.0
13888505.6
14409251.4
14700605.2
13750339.4
22463294.2
14352694.0
13565374.4
13534564.6
11475913.0
10897819.2
17361646.8
9867396.0
16049675.6
13351051.0
15232690.8
14090321.0
15972326.6
20776602.2
19892451.8
17469274.6
19196959.8
19631129.0
19226672.2
17198936.6
23566641.4
15904087.2
15115870.8
14993953.2
13911657.2
14527758.8
17486656.0
15679981.6
20077228.0
22460474.0
20089358.4
18309399.2
21848372.6
18599171.8
13672223.4
14093518.8
13316205.6
10650019.2
11552306.2
12151498.4
13339970.8
12871074.2
12712399.6
13142344.4
14639882.4
23949940.8
22865166.8
23340730.4
23962543.2
19326146.2
22401780.8
21376809.2
17135735.8
17590519.6
16092592.2
13197485.8
12669742.6
13377990.4
15627743.0
13938384.2
17049702.0
13605730.4
13336124.0
14838606.2
16701731.8
16842128.2
14562321.0
16514418.6
14351714.6
16262229.0
15155554.2
15088176.2
16991374.6
16433081.2
17450878.4
14558910.8
19261140.0
19635955.2
23416167.8
19459568.8
24702556.6
22536560.4
19444028.2
15221740.4
16473614.2
18902113.2
16276778.4
19326948.6
15590915.2
14543913.0
16893316.6
18315806.6
17549373.0
17590838.2
19257187.0
22008522.2
16700646.2
16091129.0
19759418.6
17648658.2
17281029.2
12159192.0
16336816.8
15246508.6
18983958.0
19784540.8
21414297.8
21104571.4
22343807.4
23718908.6
18207671.4
21898794.0
24516871.8
17634710.6
20128593.4
15007582.2
12915796.2
14728571.2
16644938.4
15275395.0
14043215.4
15867625.2
15212925.8
17536853.2
22268287.4
21378107.2
23042603.4
21816253.0
16233873.6
18840883.0
16953095.4
15682624.8
12635286.6
15085497.6
16377243.6
14146217.6
15661184.2
15214625.0
21997666.2
28166234.2
24539327.2
26276428.8
22878536.2
21171548.2
19202706.4
20747904.6
19956089.2
21815379.8
15939251.2
15052481.2
15003829.8
15825723.4
17188127.8
19563609.4
18082308.2
15566465.6
14930245.0
16305558.6
18736394.0
16499786.6
19797060.6
24376392.8
21913673.8
17984061.4
14297529.0
10612294.6
11117570.6
9400127.8
10330097.6
11862941.2
20353017.6
20434390.4
17840585.2
20526536.6
20883982.2
17650723.2
21057973.2
20815896.2
21451585.8
15139364.6
14323854.8
13973760.6
18392070.0
22752913.4
19551042.4
20658165.6
15176735.2
14397746.4
15230378.0
14255001.8
18403020.4
13158663.8
12408030.4
14291876.8
9931776.8
13296771.0
11765886.2
17409531.2
17620680.4
18340315.2
16990171.0
15866622.2
20792331.6
18507651.0
17218111.6
16781665.0
17797232.0
15031158.6
23680688.4
19855281.8
11960149.6
11676135.4
11563303.8
15195839.4
13714314.0
16447571.6
14830723.8
12631534.2
17056546.0
22613885.8
22149083.8
22567842.2
20818810.8
24905257.0
16444421.0
20573571.4
18186868.0
19460855.0
24253944.2
23858526.2
29822895.2
21679703.4
15101215.2
13857247.4
18793411.6
21824985.0
22641639.4
28563670.0
25136749.4
22921523.6
22718540.0
15080907.4
12264424.4
12559908.2
14400814.4
23634456.0
18952251.4
17591971.0
21157423.6
22118474.6
21768864.2
22618157.4
18360280.8
21050692.6
22941088.0
20753521.4
19057413.0
20940516.0
16571188.4
15538369.8
15629501.2
18541375.4
14938599.4
14829815.2
17380267.2
19268255.4
18108763.8
18801010.8
18236593.2
18251260.6
17600124.8
21086246.0
26031814.8
15110596.2
15961683.0
17157377.0
12920138.6
15450613.2
15193432.2
14050637.6
17017523.4
16157350.6
17225651.8
17530009.2
22363973.6
21062103.2
19542334.0
14800209.0
15414965.4
15005328.4
15234732.2
17821622.6
13167738.0
15998699.6
18904426.0
23256974.0
18927058.4
18926244.2
17179443.0
18252582.2
15024692.2
19000843.8
19810017.0
20386388.0
18111997.0
16717591.0
13970350.4
13410287.0
12501403.8
14001384.4
13452118.0
16551777.4
16513486.4
18195411.2
17353481.2
21964402.0
27246790.0
23067749.2
14976123.4
16141314.4
18098745.6
19542098.0
18437311.2
19363375.2
16250617.8
15977306.2
20858848.2
21089656.2
14676379.8
13370001.8
13383843.2
14706517.0
15404439.8
20559647.4
27594807.4
31366583.0
27499357.2
29274325.0
27828754.2
32006154.8
27829084.6
29154153.8
26969466.4
20318337.4
21899643.6
21950572.4
19774676.0
15332648.6
16328309.0
13775839.2
14375645.0
15102076.6
17908045.8
23116695.6
18405734.4
20404418.4
16534525.8
13842745.2
13667727.6
14018140.4
10550781.2
17343935.0
19783266.4
18572645.4
18786178.2
20327340.8
16078668.2
24517461.8
22838274.6
29484424.0
22255201.2
24523798.4
17523519.2
20564013.4
19540221.8
16356310.4
21471976.2
17934100.2
18446786.6
21837740.8
15115044.8
50266064.8
16142824.8
12164572.8
16546668.0
20204668.0
20001920.4
19147801.0
18878241.8
11758499.4
18903352.2
12561831.6
10700570.4
12964270.6
11788695.6
11313167.4
14873215.6
15841016.2
17138508.8
17566235.2
16108085.6
20810397.4
17812713.6
16150447.6
12943313.8
17787426.2
17226182.8
15739559.8
19753908.0
22560018.8
24002167.6
16436503.2
30367630.4
19950283.6
12695513.8
19750486.0
25136171.2
30013064.0
20006416.2
23682729.8
23496785.4
21183289.2
24876701.0
13629472.0
13884717.8
18738966.4
13878345.8
18336810.6
17714006.6
14226705.4
20345996.6
25238772.2
19819728.4
18215742.6
16927489.4
14110593.4
14134807.0
13854887.4
15244597.0
15521165.4
14153368.4
34986799.4
16685554.0
17095910.8
16923017.2
10779901.8
12618235.6
13256297.0
12672480.2
13619453.8
14852211.6
14729987.2
13235989.2
14505386.0
15682247.2
17450748.6
17040675.0
17321090.2
17655042.0
14507356.6
14517504.6
14673182.0
22705111.6
16413835.4
15169608.0
20415073.8
26281927.6
16817761.2
20732352.2
21610248.6
14039651.8
11912277.0
13230230.8
10520443.4
11390245.0
11314111.4
13375807.4
13902429.6
13130343.8
15823953.4
15663154.8
13524971.2
14763865.0
9663385.8
12509770.0
16037781.2
14707083.4
14766649.8
17180103.8
20076107.0
18453489.0
15306853.8
16896101.4
15760327.8
17439090.2
19902245.8
34354189.6
40857665.2
32310004.8
24445599.8
24511738.8
24948291.6
22937866.6
21813916.6
33301960.0
32412877.2
29756119.0
18508382.6
16337501.2
21050492.0
23084304.6
19628780.8
20928975.6
22486103.6
25934783.4
22978458.6
22835312.8
26473724.8
19490803.4
10044419.6
11290074.8
11930319.2
18503155.2
19140355.2
14284867.6
21694288.2
19549791.6
20749556.6
21196469.8
19309685.2
19445951.6
21963682.2
18122994.6
15112732.0
22115465.6
12476765.4
15589747.0
14703272.0
21178958.6
22739378.8
25742113.0
21025924.4
3946675.2
