26080277.4
32308317.4
31304385.2
31874325.2
38567002.0
27881523.8
26922939.0
26928166.4
31692333.8
32273649.0
32283289.6
26723483.6
28746924.0
23368790.8
24040470.4
24064778.4
24622906.6
38707020.8
26884589.0
26805800.4
26991473.4
25998656.8
31602571.2
30255176.4
26651491.8
22181533.8
28263619.6
25216906.8
21910334.4
35484039.6
35568834.4
39853980.8
42568665.2
36769390.0
37318998.6
35878796.8
29528780.2
28955394.6
29528355.4
27256973.4
27827090.4
27813213.6
33571991.2
36148556.6
36389017.0
36946755.8
34733937.2
31055464.2
28793510.4
31602748.2
23989175.8
27917242.4
27001350.0
30346248.8
31215271.6
29403841.8
30773113.8
34181355.0
34128420.2
37431759.4
31092563.4
27706553.4
34646629.0
29158248.4
33953756.6
29821656.2
33624560.2
38011694.0
36927144.2
35619468.2
27956784.2
33330221.0
27920581.8
30151135.8
28155685.0
29145469.0
31115066.0
30648907.0
41771244.8
38011328.2
33245969.0
33436881.2
33479219.6
32677268.0
30840963.8
33696658.2
32193597.8
34155678.2
31840813.2
30265902.6
33961237.8
34397236.0
33720812.8
35903647.6
40837900.2
36930448.2
28448537.4
33255680.4
35379043.2
30448543.0
31751369.2
29749310.4
32234425.8
31053139.6
35982648.6
36271748.6
36499948.8
36993849.6
40266284.6
42645565.8
46607970.4
36117097.8
24860889.0
31173346.2
27806546.6
28576697.2
27298544.8
29592087.2
27602430.2
30455422.4
25078103.4
39206715.4
37500553.4
36365487.8
32132119.8
37028706.8
25195678.6
35266376.8
29067766.0
29658096.4
29676362.8
33944647.0
35151586.4
30499129.6
33708080.6
35138665.4
47516346.2
36078736.0
27329059.6
21587899.4
29751741.2
24508069.0
29883228.6
28356650.8
37725791.8
35649570.0
30221900.4
33995859.0
34972804.6
33031751.8
23955675.6
27029906.0
32579151.0
39108303.4
29380076.6
28063031.4
41253779.4
50369055.2
46040237.0
28204702.2
25091142.4
26129141.2
26161697.4
31219649.4
32168699.8
32958379.4
35708806.0
27987735.6
40925279.2
49343717.8
40831705.2
30014114.2
33401835.2
30537810.0
26830757.4
27984762.0
29869257.4
30170122.0
29826435.2
33142022.8
42315106.8
39298425.0
29862413.4
27730566.4
34198724.6
29264035.4
30472615.0
30536016.4
28212643.6
36690849.2
30717311.6
30615005.6
29980342.6
26349482.6
33463230.6
38379063.4
42898841.0
41764271.0
31961598.0
29147829.0
31855634.0
29763022.0
34121021.6
31403694.0
30693558.2
27296279.2
31505374.6
31257232.4
26809517.4
26365330.0
24928644.6
34185013.0
31844034.6
34982185.6
44233527.2
37006782.4
36175743.8
34497583.2
30482798.4
33891157.6
30476933.8
35640920.6
27075595.6
31031616.4
35231000.4
30603901.8
39132139.4
35241290.0
28803528.6
27484807.8
30195090.8
28028717.0
29210652.2
24069545.6
27379752.4
28982876.8
22485973.8
27128412.4
24765993.4
24749733.0
28815033.6
28068577.4
23994308.8
24851755.8
27582771.4
26082531.2
35245549.8
35734742.4
25538976.0
30286446.4
29059506.0
28879119.4
22685924.8
27542049.6
28706273.0
26336455.4
28303657.0
29004211.2
34465959.2
34080866.2
27697609.0
29769995.8
27723049.8
37953579.0
31192509.4
29866154.0
25303861.0
27255852.4
28469907.2
24740363.8
23497198.4
24195770.2
25002654.2
27159540.8
29003810.0
25469474.0
31561589.8
34427054.6
29238405.8
32057189.8
34020332.2
29816452.4
28907038.2
25511269.6
21485015.2
26400718.2
31785553.8
32612143.8
28209693.6
27575549.8
22453051.8
27829875.2
27706730.4
31371385.6
33938310.4
20257272.4
22298365.6
25903914.6
22882229.6
25382248.4
26948757.4
25480023.2
30190831.0
38001923.6
28244468.2
28272800.0
45182672.0
25427961.6
30451221.6
29780792.8
26366628.0
23837109.2
25498183.4
22610121.6
29147298.0
25100145.8
29525983.6
32622527.8
34168481.2
32320058.4
29776568.4
25789655.2
24681304.8
23581214.4
27186916.8
25818824.8
26790377.8
27764019.4
27168013.2
29875204.6
25761406.0
23504302.0
27032395.8
27179176.0
30502197.6
22684626.8
23478389.2
23892533.8
22689665.4
24306997.0
26469972.4
26432826.0
38335946.2
26654866.6
31344080.4
31280738.0
27557861.6
24383295.8
26458078.0
24615272.0
28643697.6
22028027.6
31683283.2
27795041.6
19670375.8
30302470.8
34631100.2
28005081.6
31853769.6
30919528.2
30508664.0
32972740.0
39985468.2
31836187.6
33558527.4
30510906.0
32634410.4
31859469.0
28646435.2
25212116.0
26614557.8
27764255.4
27192510.0
21953262.8
25336547.0
20015997.8
22434561.2
21701734.0
28625230.6
28729047.0
30280216.0
35443400.4
31877310.6
33891240.2
34033288.6
39559146.0
46329360.6
52201005.2
30785739.8
31776656.6
24957082.6
31327926.2
22343406.2
21153211.0
24826916.8
24233660.0
24661209.4
22495272.2
24703276.4
22864352.6
21273323.2
26906289.2
36886634.8
30492722.2
27638656.2
33507185.6
24428230.2
41751928.2
49641443.6
48740773.2
30218738.0
34220578.2
43250221.4
45288341.0
27745682.2
26457440.8
26352208.4
24148947.8
22033550.0
24184395.0
29476305.6
20765592.8
21295330.2
24080496.0
22120468.8
20960222.0
25305442.2
24397857.0
24430849.8
19205916.0
21624184.4
19495193.0
24033768.0
20444255.2
24863343.4
20949436.8
21011670.0
22232686.8
21885247.6
23549956.2
26268629.0
24900655.0
21397659.8
19480490.2
23160804.0
25724188.8
22718917.6
28100992.0
24443298.8
25287329.2
22948793.4
24942191.0
26618794.0
23750780.4
25188516.0
22825601.4
25076451.4
22713336.2
21073808.8
23004973.2
27107420.2
29527116.4
23500632.2
29696989.2
24635497.2
20073109.8
19791019.0
28946863.2
19971028.0
22645604.2
22197782.4
20738417.4
26549681.4
23824707.4
21423077.0
34628386.2
46274620.4
51888612.0
39836233.6
38982385.6
32192960.6
41117465.8
24961307.0
36721765.2
37517722.4
38849859.8
24960988.4
36624191.0
49394092.0
59388975.2
40061708.0
36109380.6
43391597.2
49467511.6
47287992.6
48674268.4
31806416.2
22001041.0
17746527.4
20772425.0
27047181.2
27232134.4
23902363.2
20479619.8
25176952.0
17756038.2
19783809.2
18827254.0
14654372.8
15497966.6
11431014.0
15549001.6
18076656.0
18145450.0
18128859.2
23256336.8
15639484.0
15015216.8
17558931.0
14934009.2
19078346.2
25003751.6
18770649.4
16277746.0
13995779.4
23365262.6
22768973.2
20304873.6
19120248.0
18773257.2
18822852.6
20610894.8
25372891.0
20610068.8
12817183.6
19520386.0
20366835.4
23269906.8
22182619.4
19611529.2
18762495.6
24257732.0
18316974.8
14678267.8
17442547.6
22411799.0
22122463.0
28265236.2
21980627.0
18491296.2
22024700.0
18296737.8
18642053.0
16296685.0
25128123.6
23117722.2
19444240.6
27384578.6
23899472.2
25024590.4
30431798.8
27602607.2
17119805.8
20430402.0
24584887.0
25242642.6
21594601.8
21362507.6
18028689.0
31562817.0
21987671.6
27265469.4
35778131.0
20378281.4
21529170.8
16991622.4
15775030.6
20057899.6
16900561.8
17519873.0
20644996.8
19453161.4
21530280.0
18070744.2
16812215.2
21540593.2
29389929.6
26558389.8
22206160.4
21835652.2
19868497.8
20404784.2
20373006.8
21290209.0
19711746.6
17911550.4
22122498.4
27663636.8
21350778.4
25099190.0
24850174.6
27072433.2
29424963.8
25427761.0
24490711.2
25203962.2
28850386.4
30763461.4
27659542.2
23719250.8
24152051.2
25803319.6
25318363.2
22129897.0
32654682.8
35439069.8
35535145.4
25983588.2
20473991.2
29401505.4
21189519.6
25723457.2
21257617.4
21495765.0
18278978.8
26433958.8
21242289.2
27201773.0
26369318.4
29901931.6
21903643.8
20097276.2
24303280.0
26457936.4
22964145.2
24229305.8
26610911.6
21268886.4
21964166.0
22089446.6
22699376.8
24610587.4
23411624.8
21811556.6
20033957.4
24855236.8
34538234.2
38334282.4
25845681.6
34313196.4
27426539.4
21992875.4
31728949.2
44207154.2
40236359.8
33237296.0
29598612.6
21851122.0
21201827.0
26537928.6
20482298.4
19855812.8
21081667.6
21067106.4
20467772.6
16152135.0
18058472.2
21239775.8
20065935.4
27421123.2
19124094.8
17766363.2
19714614.0
20274476.8
24482592.8
20182224.4
22388954.2
25618142.2
29531647.6
33227041.8
28358951.8
22185947.0
19213456.2
20726145.4
18444379.4
22906608.4
29313194.2
16180490.4
19413773.0
33610777.8
18875457.0
27548669.4
20368098.0
19420853.0
21298197.6
33729745.4
20482676.0
18478044.8
17513288.6
16898449.6
20837785.2
19523465.8
38745618.6
50318905.2
45223098.8
18647646.2
16596877.0
24062489.2
26430265.4
23425631.4
30653638.8
22832044.2
22783416.4
23519948.8
20787906.6
21996722.2
21104996.2
20590740.4
14701395.8
17287979.4
25400054.6
19898351.8
28551598.6
17511294.4
24135908.8
31395434.0
18258741.8
23701491.8
30977914.6
26480108.6
25173683.4
38950018.2
34418653.0
25676540.4
23776150.4
30306742.4
28671321.4
19631978.6
22821247.2
32297591.2
39546201.4
21830814.2
27957763.6
27741446.0
21764097.0
25906180.2
19007416.4
22460049.2
34504144.0
20884206.4
22598770.0
30330920.6
30649815.6
36143093.2
28520281.4
26899138.4
21690465.0
22314071.4
25743139.6
33149763.6
28900076.2
28072943.4
38514197.0
25960011.8
25174367.8
23998273.6
26581470.6
31369592.0
20821300.6
27507298.6
18503627.2
17618497.4
29060520.8
18578734.2
14074874.8
15828968.4
13437014.0
14407080.2
21184976.6
22627066.4
18894136.4
22125849.6
20901635.0
19842620.4
22682172.4
20970275.6
22395585.8
25699149.2
24068814.0
19587032.4
25912363.4
26234149.4
28956551.0
20775174.4
25111096.2
20689707.0
15840036.8
17829328.0
19195862.4
15638953.0
19496101.6
25614873.6
15932383.6
13940107.0
17110613.6
17188930.2
19132260.4
20892077.0
25610637.4
22253431.2
20954711.4
20005908.8
15062062.8
23100671.2
20917234.6
19920111.0
21367027.0
19667001.0
15074122.4
13686182.8
19994368.4
16058808.8
19637288.6
17210182.0
15610680.2
20172265.2
24663357.0
21552027.4
22931648.0
28601005.2
21204092.6
28028233.2
24364781.6
30447068.0
32723193.6
35422644.2
30370014.0
24903664.0
26080277.4
27047806.6
27820978.0
23706813.6
23236902.2
17766670.0
19533826.2
25187760.8
25811674.0
19442494.2
20554089.6
18020759.4
20902638.0
22648872.8
33125089.8
17895172.0
15543325.8
19827599.0
22951247.8
23562027.6
24469683.6
21645141.2
18970730.2
23212688.6
30031743.4
42083248.6
22411751.8
18690338.6
20099353.0
19352743.4
25570847.8
17748722.2
18477537.4
13596349.4
16665411.4
20296814.2
16480009.8
19080588.2
24769934.6
19294250.8
16026193.6
11576342.8
15777603.0
13403938.6
15999443.0
14959296.6
15389477.4
16498665.6
38131452.2
15694424.8
14145615.8
19829770.2
17710926.8
16730500.2
20546750.0
22438290.0
19951652.4
17010868.2
14827231.0
16844582.6
17134131.0
20565582.8
16973993.2
18354994.4
18492853.8
22709147.2
15190387.8
15224147.6
13768641.2
12823260.6
14793400.4
19139411.2
21965464.0
17425178.0
20786585.0
17139110.6
19354985.4
25063695.6
25719244.6
22949076.6
33500565.8
26757349.6
22215340.8
24179970.0
26310507.2
27250223.8
29702075.0
29174107.6
29213885.4
35336138.4
27060774.8
25014289.0
29898202.8
30446843.8
21270101.8
24752942.6
20496600.0
18893699.8
21808382.4
23041423.4
21101822.0
22083534.8
33769074.8
29509463.6
19292091.4
24416831.4
20190791.2
25384006.6
20958216.0
16575460.0
19215521.2
23345710.0
18846499.8
34164209.6
23133062.2
17662369.8
15104684.4
20619272.8
14991829.2
17426358.0
19906092.6
25500106.8
24203263.2
21166816.4
19703368.6
19468784.6
23476100.0
26019188.8
22190077.0
22580739.6
18496358.4
17462631.2
16255585.6
23386018.8
26118072.8
16001732.2
19685444.4
37761876.2
38535543.2
31430055.2
24885433.0
21083992.2
17756876.0
29664763.4
17566365.0
20806208.4
22754707.0
23057683.8
16848830.6
20151084.2
20903865.2
21860892.4
22100562.2
24363082.4
21302705.2
20330149.2
21617611.8
23134124.2
30061573.8
23258000.6
19940407.0
19482779.4
18837496.4
22303970.6
18998967.6
23635258.4
21979753.8
29013651.2
25501522.8
23302545.6
24702603.8
33403782.2
32810006.2
17966715.4
25126790.2
28713164.2
33929932.4
26858157.0
27727899.6
33305948.4
40835268.8
28772966.6
34358473.0
27283936.4
39539664.2
33221543.0
44310805.4
20878872.8
31133002.0
30963093.8
27280939.2
20486121.6
18519026.2
18945183.2
23173913.8
27425312.2
18200202.0
19267866.0
18803016.8
29158755.8
21777018.0
22866700.8
17881094.6
26331334.2
18372647.2
22217276.0
32141736.8
26511425.8
41659734.8
24754453.0
24785168.4
16444668.8
16543576.4
24920372.8
20946050.2
20329429.4
20304460.6
13474325.6
18273952.0
14705431.4
26520759.6
14553990.2
21427879.6
23576081.4
29353632.8
38625577.2
27905442.4
36111186.0
27966106.2
30982764.4
27361250.0
30174405.4
20792048.4
23894952.8
24929907.2
39976866.0
33078420.8
24355058.4
20984577.2
23738591.0
34372550.4
29688351.6
27174668.4
23981258.0
27896285.6
22956829.2
26982765.0
21800511.8
26088962.2
26016628.2
26186194.2
28791469.0
20042193.8
18727225.4
16461542.8
18565117.0
16485756.4
12718807.0
15655779.8
25274184.0
22955932.4
17116537.2
19633052.4
23348990.4
15842904.2
12853067.4
14649747.2
15573168.0
13112844.4
18086249.4
17556936.8
27402974.8
34024308.8
18631539.2
16374694.8
29207183.0
33196373.6
19706177.0
24890483.4
28323009.0
28384026.8
25892020.2
28110951.2
26502044.8
21935857.8
33614978.6
28616121.0
32550665.8
25597917.0
28879862.8
25334187.0
26854499.0
23737552.6
25355521.4
27767240.8
22746281.8
24982334.6
36208972.6
45153148.4
42364643.2
53253706.8
44453314.0
27519558.8
31974318.4
24420595.6
26248120.6
26425215.0
24570597.2
28873632.4
29102163.0
42051730.8
32182623.8
42772592.8
44891802.0
33454416.0
34413166.0
30425993.2
26498316.0
27718388.8
27718424.2
35203447.4
31374819.4
24357737.0
28706721.4
19283276.8
23110016.8
27489209.2
33773322.8
37908550.2
38338849.0
46873364.2
34578071.0
38165601.4
37384913.4
35203093.4
32238308.0
34791686.4
36160651.6
35283203.6
38625010.8
32718745.0
32025589.4
32188476.6
25659890.6
33452138.6
31359809.8
31166278.0
39019661.8
43702834.0
38827286.4
32690661.0
24293049.4
24817111.0
27803455.0
33109702.6
40820200.2
30124349.8
27097850.4
35336445.2
29350163.6
35006588.0
28795823.2
29349892.2
37897434.6
35981504.0
33663512.0
29005544.6
34835806.6
25459432.2
28108673.8
29063175.8
37918474.0
31118629.6
25070150.2
28633585.0
36567055.4
33583283.8
32382858.0
25773831.4
31607574.4
39091818.8
35879646.4
28317887.8
26418253.0
26553752.4
36708549.2
32450059.0
35455625.2
37195299.2
30092053.2
32736445.0
44575007.4
40195272.2
36468018.0
40134584.8
34857023.0
27003544.8
28058594.6
32166469.6
33839096.0
31497468.6
26151750.0
33608252.6
34278622.4
35544113.4
26153413.8
31369674.6
63494797.0
45906035.6
58186814.8
74290251.2
50032660.8
84724342.2
49851224.0
37380936.8
37766124.2
32939180.8
34083356.0
35037468.6
25079873.4
36087633.2
30452401.6
19825239.0
23247463.2
26722728.4
38619476.6
38182121.4
33504719.4
35213453.8
31622253.6
32258969.8
33216256.6
29304273.4
32790264.8
33015125.6
26401025.0
31930257.2
36611742.0
24879686.4
22165592.0
32868746.6
27085991.4
32838916.2
36142031.2
36424629.4
32779857.2
31783937.2
26822060.8
24488410.2
30795227.0
28839152.8
28637608.8
34499848.8
40439166.4
37746158.6
38950643.6
31969834.4
27591550.6
24554030.0
22863691.8
43637709.8
33384312.2
31929773.4
30362485.6
40276220.2
37345206.4
28518747.4
26448980.2
29999010.2
32156309.8
36814749.2
37255609.0
29354801.0
33211855.2
30143359.6
32293012.8
29611262.2
26717265.0
23883742.8
29973781.8
28723748.8
23658386.4
34531130.6
34349245.4
34940484.4
48151670.0
27926717.8
26578131.2
30840786.8
28269342.6
20997934.8
26389012.6
28055668.2
37012328.4
30729253.2
24169739.4
19684134.6
19350678.4
21111651.4
22455376.4
21539779.0
29369893.2
22882111.6
23773412.8
22351229.6
23634550.4
37670674.0
43272818.4
23322310.6
20110787.2
16553134.4
24137584.4
26305197.2
30390392.6
23260667.4
24800909.6
27944394.2
20740199.2
23366395.4
28807599.6
28178199.4
21347108.6
27410951.6
23348376.8
27017610.4
30662217.4
21647737.2
26661734.2
38153966.6
40613865.4
39531463.2
36041483.4
32211604.6
30030315.6
22511615.2
21448293.6
22282282.2
21292569.0
26925877.2
35995227.4
25865847.8
26770707.2
25574069.2
30249890.0
31893240.6
30585328.6
27060656.8
20388512.0
23649524.6
28055975.0
31340988.8
35676096.4
23950542.6
32631873.4
22289669.0
21673036.4
25701426.6
25163535.4
25490135.8
24173244.0
23881772.2
23048951.8
26954043.8
25315519.4
22146015.8
23624072.0
25629623.6
41261850.6
29768874.8
23888639.8
40138585.0
34545668.2
32369937.0
33401870.6
24788673.0
31902834.0
27502732.0
26750069.0
28698567.6
28788306.6
27053753.8
23080033.0
26907280.4
22135938.6
22986329.2
23763241.2
23549236.4
24933754.0
21786186.6
29440362.8
26503319.2
20135354.8
24206000.8
24455264.0
23090523.2
20687748.2
19045790.0
23617263.4
24895203.4
25828099.6
27131020.2
19986615.8
27827822.0
24971372.4
25480719.4
23093945.2
24019596.2
24089641.0
25460093.0
28134775.4
22336692.0
25690405.4
30001629.8
24906873.6
24921257.8
22457724.6
24347152.4
25257675.8
30300370.4
27465479.4
18714044.8
28438979.4
27960041.0
23256041.8
28373654.6
30490043.6
23621806.4
22823135.2
24268399.2
31452557.8
29540769.0
21949888.0
23368554.8
26126450.8
28665150.0
24921482.0
29849905.4
24355341.6
19035583.0
42280391.2
35353484.4
28833901.8
26137271.4
22688379.2
38350755.2
30792878.8
32035005.8
28785580.8
28779987.6
35061009.6
29939668.0
28426884.4
33369349.8
29299966.4
25001450.6
29336994.8
23692700.8
26675847.0
33006889.2
23594796.2
21515683.4
28285331.6
29684044.6
28618209.6
37517014.4
26236816.2
27297187.8
40093450.0
43145225.0
30379371.4
23558570.2
26071439.2
27633346.2
27481645.4
25711315.0
25631535.2
25350589.0
26407208.2
21243882.2
23299690.0
21265653.2
21055058.6
17729452.8
21219491.6
27513517.2
23723251.0
21716649.2
26272877.0
29394354.6
26957300.6
19041612.8
23363280.2
26823252.6
25150437.4
23294875.6
20826952.8
20288872.8
24140735.0
31314285.4
29233862.8
23925809.8
21347922.8
21962584.8
27543465.6
27248949.4
26743130.6
26402417.4
26581034.0
28812296.0
20690391.4
22444201.8
24043326.0
31464841.6
26898855.2
25788664.0
22611053.8
21338223.2
34091627.8
24961543.0
25865765.2
28758370.0
23683614.8
22395137.4
25131522.0
27329932.8
27013020.2
23226954.8
24181799.0
31386289.0
39399385.8
30420518.0
32851353.4
46398532.2
33673435.8
40824389.2
42114306.2
48435200.4
31601886.8
35293092.0
37893387.2
38561880.8
31033115.0
32205055.6
30764547.0
35999947.4
35004086.4
25405223.0
36460053.0
32136438.6
34512958.6
30786329.8
33504282.8
29865387.0
31555406.6
30273136.0
30847902.2
40347681.0
26948143.8
28460290.2
39179575.4
33813773.2
29803472.4
33110009.4
40045022.8
36738934.2
44197844.0
33213802.2
42793561.4
36569096.8
32280670.0
35563477.2
39037243.8
37741238.0
30702620.6
37368133.8
36332459.6
36078181.4
33923053.0
42052722.0
39739568.0
32734533.4
38338577.6
30948296.6
30140374.2
33810728.8
33792132.0
48027557.6
40228925.8
36800742.6
47412553.4
25226004.6
37716387.2
38365281.0
46227042.8
39271462.0
34936283.6
29853669.6
34664907.2
22757244.0
28333640.8
29676032.4
33908904.8
27698210.8
27395269.4
38596041.8
32251547.6
28154363.4
32546134.6
31305341.0
28305474.2
27469349.8
37819944.0
35025444.4
31863209.6
31635304.4
33132653.6
29492931.8
33016836.6
32519360.4
38573256.0
45174919.4
42720554.8
42921910.0
36856013.8
37036612.8
28706497.2
25349656.8
27883872.0
26694290.4
27781412.6
24557286.8
21843015.4
20120003.0
20933058.4
20325582.6
26412683.4
26183716.2
21593233.0
17117186.2
20694061.2
22408377.0
37356451.8
24596097.0
22201074.6
20222592.2
30390085.8
22078614.2
24070513.2
23629464.6
24488256.8
35748878.8
34052416.4
24340992.8
23648226.6
18566344.2
27221962.8
26622593.6
22998707.4
29061228.8
27390667.4
23186067.8
27387210.0
38497653.4
28316106.0
24497720.4
26957430.4
27443437.0
26607902.6
29431619.0
32066936.6
29569679.0
25833079.2
30631171.6
26512098.4
30839654.0
30456036.0
27717669.0
30387820.2
24925918.8
23357226.8
27616814.4
29416821.8
26862499.4
25561655.6
33128075.2
22436425.6
23998025.8
22646300.4
21916328.8
24405137.6
21543448.8
27266909.0
20989568.6
32450920.4
33383769.4
26716804.8
21209851.0
22250174.4
23851658.6
27777860.8
25658226.8
26930207.8
28136911.2
26862888.8
33272731.4
32887119.2
40004525.2
38741736.4
28159390.2
32136485.8
24597206.2
23499605.6
24309687.4
26423504.0
22651917.2
30346945.0
25914039.0
28693057.0
34511283.0
32444005.6
31557990.8
33838399.8
35126983.4
37210957.8
30953264.4
28290157.8
22874819.2
26968498.8
29228600.0
28302500.6
24375555.0
27051688.8
23536445.2
36006649.8
29957250.0
35747545.4
39881073.6
36225020.6
38651395.6
39294082.6
31949444.0
33839225.8
33563023.2
38278822.4
39241242.2
30056252.0
28121748.2
26870039.6
22915989.4
30386062.0
44901489.8
29447065.2
32709954.0
23160544.4
26991119.4
31391787.8
24215688.6
25031233.8
26952167.6
20287751.8
22315888.6
41414578.0
25458736.0
34884080.4
31234387.6
30775662.6
24380841.4
27926517.2
23407105.4
25483622.2
32316353.2
32706945.0
27863871.0
30535686.0
26518706.4
25675289.6
31656131.4
30559474.8
29183583.0
31397416.4
33715573.6
32408711.8
31269492.6
30026480.6
32909975.8
38582519.0
28675085.6
37464976.4
56381544.6
52465124.6
34604597.4
37511444.8
26890146.8
35058921.0
22807476.6
25092853.4
21590943.8
25537760.6
25890262.0
31596482.4
28870599.8
22261903.6
21351262.2
23528020.0
25510703.2
20082797.6
22802957.2
30139194.2
32378562.8
29968719.6
31821838.8
28992328.6
24817288.0
31257598.2
22098438.2
29379203.4
27525211.0
42042916.2
38572217.6
29728377.2
25521771.6
39001301.0
47981254.4
35069965.8
31742649.0
32478933.6
39892047.6
45365418.6
36355457.8
36057531.4
33982808.2
29110729.8
23087785.6
24427711.0
30928366.4
23617947.8
26824633.2
37787824.4
34951659.0
30364916.4
47274068.6
45076436.6
47102060.0
46210794.2
32037059.0
35887340.0
37042666.2
32924183.0
34088028.8
31925466.4
33341702.4
39189534.6
32805994.2
27933137.0
41206614.8
48788327.2
56600942.0
44964726.0
40766380.4
48632885.8
43602156.4
40028632.6
39096715.8
29460033.4
33912055.4
52151315.4
36847706.6
41649693.0
33567672.4
33956152.0
32401325.0
34374237.8
25016920.4
24018510.6
18301044.8
31892202.2
27808824.0
25755683.0
33114953.6
28661562.8
21125363.0
16992413.0
22203009.8
21857706.4
28826715.6
23475616.2
24911841.4
28770075.6
27102027.6
22701925.6
23266673.6
24221812.8
29653435.4
36749979.0
36732680.2
32767372.8
38473144.8
28087516.4
27476252.8
38039412.2
23509600.2
22342639.2
28448549.2
27596188.0
28725424.4
26806850.6
34266822.4
37250417.0
39898266.2
28879367.2
28329687.8
27638998.4
34939811.8
32033672.4
20779882.6
26087735.0
28909126.8
27944441.4
26576314.0
29053665.0
29335708.6
21645884.6
32909598.2
27657701.4
29235290.6
27870195.8
31170655.8
33488742.2
31767334.6
48635281.2
36867318.2
33632997.2
36268373.8
36456182.6
28480232.2
24372085.8
24829571.8
29778586.2
25545690.2
47069987.6
32328932.0
37579082.4
45339352.4
48223874.2
42800830.2
26577706.4
31078120.2
32525496.4
28650081.4
20705861.2
23026626.2
25897955.6
26650831.0
28140958.6
29942346.6
34577150.6
35459944.0
31872083.2
29778031.6
34784252.4
38315603.0
36860580.4
30940119.2
27380885.2
25449107.2
26553681.6
28911982.4
30738020.6
29309005.2
35321223.2
31287582.0
30407892.0
26296370.8
23294710.4
24693093.0
26673050.4
23014283.4
29888408.8
30365010.8
26109093.0
27555961.8
26284830.4
25534964.0
33493698.2
25870390.8
23028195.6
21571355.8
22391868.8
24660135.6
20930427.0
18901605.8
19803892.8
19821439.4
23029670.6
23378856.2
22885793.2
28809676.4
28296789.4
31655093.0
21777702.4
25796546.4
28447770.4
27682906.2
29998396.6
33925932.2
40318629.4
42170332.6
39561588.6
28481070.0
32006957.2
38430830.0
32987501.8
32794748.8
30062258.2
30372657.2
38978479.8
30365553.6
32197668.8
29597137.6
27005527.2
36863624.8
38958974.4
36686754.6
31855091.2
31319713.4
28734121.0
40027582.4
61154998.6
35674102.2
33203559.8
43781953.0
34947871.2
31219106.6
38040438.8
37714640.8
32236018.8
31123680.0
34541243.2
34881390.0
28999255.2
36725328.8
34624386.0
36010579.2
36329297.2
29798127.0
30994399.2
30844869.6
39343807.8
38087815.8
39905889.0
26737867.8
28423309.0
31451625.6
27786368.6
28843058.6
32319621.8
34915916.8
35758389.6
31360199.2
31693443.0
39660661.4
36665420.2
31408921.4
36384922.4
44488773.0
33440716.2
23925998.6
25331555.6
31442728.4
33272047.0
31163210.0
27391245.6
38183207.0
33787789.6
32795692.8
32731382.8
32916501.2
31108151.2
28585747.8
26546129.6
32271749.2
31913395.0
28443947.2
26219895.0
28858681.8
29353597.4
29530396.8
31765824.2
26701748.0
25636538.4
24944173.4
27138973.4
35272465.6
28698874.4
26096195.6
29794044.2
29601763.2
28621407.4
30178240.4
18289339.2
21321927.4
31953951.6
30315108.6
24831754.8
27841569.0
29142153.2
25712825.4
31493244.2
32223982.8
19525271.2
22096809.8
20102751.4
23298569.0
20160264.6
22023154.2
23018378.0
27647057.8
26328514.0
29922274.8
27236653.8
24375271.8
25266750.0
23811916.2
29392053.6
25674817.6
21972024.8
20712846.8
23185513.2
21421672.8
23890988.0
26157378.6
25250312.6
35048784.8
27988679.6
27795242.2
21813397.4
29096333.8
23218565.0
23506237.2
27279464.2
24814408.8
26239542.0
27490908.4
26213157.2
23085284.0
20288164.8
26797115.6
21988568.4
20389066.6
23376767.6
24827436.0
29173671.0
29262395.2
27125226.4
27670244.8
27260666.8
28036552.2
22585105.6
25561785.4
25889908.0
26224638.6
31220357.4
29089371.8
25418179.4
29991611.6
25425530.8
20661481.4
20460975.8
20035515.0
19578796.0
18269267.4
23658728.6
22829743.2
22439363.8
19499818.6
23530663.2
24939831.0
20820002.6
18167197.4
26145838.2
23313944.4
22193723.2
27407612.2
25137103.4
24157007.2
22957844.0
29745605.2
28248067.2
27272018.4
23512160.8
21815580.4
26288677.2
30012226.2
25037877.2
25631688.6
22700486.0
24968776.4
20081546.8
24585713.0
22518600.8
31006494.2
24084095.0
22902572.8
27808186.8
32522758.8
24667734.8
36186753.2
32015571.2
31635021.2
35279911.4
33304815.6
28219582.0
38092441.4
33804333.2
32682035.2
29858035.6
36819127.0
49688006.4
23041104.8
18504382.4
28692797.4
30613790.2
28566856.0
32318194.0
30231505.6
30831759.8
33426627.0
32839506.2
33153185.6
35672945.8
33360204.8
31470812.4
30848598.4
42227008.0
29200044.0
25744685.4
28347033.8
35485042.6
37099648.4
27022318.6
30520381.4
25350140.6
30357730.2
32344224.8
40618125.2
38685143.6
36439049.0
43320219.0
39087960.2
39860140.4
34152114.6
32961282.2
36142196.4
39107784.2
39837838.4
52802404.0
47705429.4
33402283.6
25801490.6
40646221.0
40346819.6
29612867.0
27626820.8
36011617.6
35332940.6
37980919.6
43189829.0
50234405.4
51655514.8
50216327.8
41215323.2
48410385.0
42887111.8
31419199.2
38362862.0
42167783.8
43537339.0
42580406.2
38410014.8
36361216.2
33321866.6
31385663.6
33368523.8
38124832.4
36961387.8
34792783.8
32043159.6
28906188.6
42704141.0
33394224.2
32333309.8
28912501.6
24360545.4
27092257.2
28479217.4
28794253.8
37540838.6
40048633.6
37868335.8
35276560.2
35097271.0
31073341.2
25552345.4
25143959.2
35919388.8
33552969.6
26513939.2
33929318.8
28210047.6
32603730.4
41433351.8
43420578.0
36035784.0
28531491.4
27790970.6
32666907.6
28728681.2
31196639.4
38541738.2
29540757.2
31909583.6
35488700.6
35148093.6
37021744.8
34422594.2
32273896.8
32215522.2
35636967.6
35030235.2
28934815.4
27027168.4
35611078.4
27279157.4
25706382.6
31154336.4
32090383.2
30618710.8
32746675.6
31372848.8
25231751.2
35351797.0
30991638.0
26539863.8
25550009.0
28769237.8
30387619.6
36245411.0
39727673.6
40886799.4
33009851.0
45201740.8
46238465.2
42446204.8
41470816.8
39002858.6
29454062.6
31051287.0
35035922.8
35450161.8
31796775.6
36098135.2
37385043.2
32344696.8
33943750.2
39975402.8
43508393.6
38489063.0
38228342.0
32007311.2
24814597.6
25534562.8
31061210.8
27749883.0
28460443.6
30331428.0
28461234.2
28889550.6
34933546.0
37650295.4
37882720.0
34086388.6
28362751.4
29310574.6
27049576.6
31476452.8
33538856.8
29958146.8
27354571.2
30995189.8
27297553.6
34179195.6
49725577.6
45094880.0
41801665.2
44965339.6
44744797.6
38789691.6
33577525.4
38813893.4
34157955.6
39514671.8
41740800.8
42802848.0
55836526.2
53426423.4
46138755.2
46380501.8
51099310.0
44329709.0
50316262.0
41796190.0
40298298.0
37558656.6
39169604.4
43610322.0
30243801.2
34165885.2
35786308.4
45018722.8
46439277.6
68137365.4
63639677.4
51443457.0
58032765.8
58305357.6
66895108.6
48070462.4
43545422.0
34732544.8
50629304.2
46204504.8
46502714.4
44267428.6
45645232.0
55703021.0
54199771.8
68569599.4
70107269.2
43300926.0
34393908.4
35402419.0
35828033.2
33475195.8
31901984.4
39766389.4
44800092.4
47381625.6
37642767.0
43044370.4
42010985.4
37682438.6
39209122.6
40318310.8
45096213.4
38679727.4
40963570.2
39690869.4
37477755.8
36983772.4
37457660.4
38540617.2
33159557.6
31543512.2
36157973.0
42447125.2
42708070.4
41913989.4
47037372.4
37367107.2
36504444.6
45529379.6
41568910.2
44131941.0
41899593.4
59236955.8
46889317.8
34259140.6
43568455.6
49474874.8
39744937.0
42818907.8
47631844.6
41146364.0
51931210.0
54225059.2
40158739.4
43504641.2
46697969.0
48989009.8
53527608.4
37615391.0
51056275.4
48640178.2
40052810.8
54117891.6
48005999.0
57104990.8
44380685.0
40704878.8
37579082.4
41681647.4
46902451.2
39440792.0
38706737.6
37429895.0
33989487.0
34134249.4
32591198.8
31265516.0
34747825.8
35602181.2
33414638.2
33596700.4
38129151.2
38188517.0
32373123.0
30891821.8
29479161.2
27914398.6
30104337.0
29430049.6
29154307.2
29465166.4
26002161.4
30792973.2
38533808.6
32909067.2
29384914.6
29115933.6
38453096.6
34628020.4
38592596.2
28416500.4
27083973.6
29394213.0
31522284.0
29658120.0
28136569.0
32249352.8
28336590.8
27078250.6
31227083.4
27793130.0
31264631.0
32971288.6
36781697.4
33831296.2
30174204.8
32332519.2
33682828.6
28082324.4
27133734.2
46728271.4
31540526.8
27127763.4
26990989.6
27747936.0
24805004.2
24491112.4
23159246.4
23835563.4
24583954.8
23320328.2
31407186.8
34411053.8
35765339.8
34010302.2
27695213.6
31382831.6
25966667.0
26476851.8
32499170.6
41385939.4
34911704.2
40146880.4
35381072.8
33121691.4
30545798.6
28926520.0
33369574.0
41213175.6
36629973.0
35021715.6
37232221.4
32332649.0
37229011.8
34568548.4
32914247.4
34891927.4
38227280.0
34138485.6
32766664.8
30600975.4
29146236.0
56313777.2
71175464.2
53040280.2
42086009.8
62964859.0
35013939.4
59507718.6
38255305.0
42597870.2
57346737.4
49493566.0
46782752.0
42446995.4
48946258.4
76345929.2
63651996.6
53016550.4
45773368.2
60490540.6
60970859.6
58215028.6
73585803.0
59381529.4
70619235.8
62328343.4
60610617.4
64985597.2
74614043.2
65438375.0
44467533.0
63563803.4
61437608.6
55779933.4
66264398.6
62071174.2
59215928.2
59865813.2
52615055.4
62534937.8
62452786.2
54133054.6
66627142.4
61046108.2
52023273.6
62808332.0
56763911.8
47701842.2
45271950.8
57751548.2
61402763.2
56221123.6
46942099.2
61822005.4
60753704.2
55672447.2
61648191.4
70438743.0
61627860.0
56159256.2
73077801.2
47646677.2
35981610.2
37006168.8
38058681.6
51437262.0
42604372.0
37896278.2
38790517.6
32826597.0
25076333.4
23618372.6
25665118.0
31532019.0
31023214.8
28144864.4
35875823.2
54957390.8
43305669.6
57097309.0
37804084.8
38561196.4
36804919.8
32095563.4
30885036.8
43522860.4
38694524.6
35835018.8
38660859.2
35290472.4
37869315.2
35375574.0
42197921.0
33685566.2
35261066.8
32536836.2
37553818.6
35794025.6
26075923.2
28196737.2
34312748.0
32891674.0
31167528.8
34596231.2
37512011.2
37251266.6
27010023.0
28676631.4
31569779.0
33361632.6
30787061.4
33347814.8
33756897.2
28980788.2
25999494.6
26663386.2
34562601.2
25886521.4
27172520.8
31221808.8
24297970.0
25527825.0
28307468.4
28709919.2
34402109.4
29235385.0
34987944.0
34146604.0
29047422.8
38351003.0
31678610.4
26324549.2
33958665.4
33857102.8
38188611.4
25410580.2
25823049.2
23174515.6
28891120.0
21504792.0
24681045.2
28438637.2
32093675.4
24904832.2
26132173.8
23677219.2
24504328.4
23276396.8
21142626.4
25220765.4
26913640.6
22382098.4
23499405.0
29967480.6
34036533.6
35090073.0
25586329.4
26875184.4
25749712.2
30651219.8
31599810.0
29255315.2
27324563.8
22983603.4
22486233.4
19777531.6
17012980.4
20410731.4
24733661.4
30062211.0
17136774.2
21075555.2
18945796.8
22503390.6
17578566.2
14154100.0
15774806.4
16313275.8
24345323.4
19032928.0
26029761.6
21225922.6
22310885.4
14087689.6
16599968.6
16088946.0
15315857.2
22723165.6
23774864.2
23236465.6
18519427.4
25855770.6
24363176.8
30440601.6
30290269.6
27721810.8
31815750.0
29687230.6
30678182.8
27863517.0
31893830.6
25358884.4
17351015.0
29776839.8
23602053.2
28905881.8
27950730.8
27116105.0
23601227.2
29154732.0
28728138.4
28951205.6
24851649.6
33177871.2
35479803.4
30836751.2
33954924.8
40468182.6
47007070.0
36428322.8
41876760.4
47553811.2
33185930.6
42731859.2
25698807.0
41900325.0
42889294.8
40690376.6
38717334.0
44230152.4
44970449.0
43812668.4
47931588.2
44437974.0
40112931.8
44197525.4
27454883.0
36352496.0
36491452.8
43848764.6
57043288.6
52191341.0
52768243.0
52921890.8
38951788.2
46909012.0
36863200.0
35634418.8
46200693.4
38778729.4
37034429.8
35687153.0
28403367.0
36768269.0
28525674.0
31752100.8
27648804.2
31212593.0
32739536.6
32501731.2
32641171.8
28255383.2
33037097.2
30128208.4
35664379.0
46116901.6
41513025.4
44304539.6
36622845.8
28764234.6
31550450.6
38111616.4
37201470.6
35515663.6
34998823.6
32206518.8
33331625.2
38978350.0
52699354.6
59631205.6
46444611.2
46667241.8
41368215.8
52439813.6
55664387.8
48202162.2
39415835.0
50703656.0
51068382.2
52665512.2
55575769.8
45930898.2
41642152.8
60583099.8
50955338.2
47552442.4
49461257.6
43965785.2
56371361.2
63876055.0
46106647.4
41752459.2
48656013.8
49059609.2
37938109.2
25797490.4
28684041.8
28362432.8
36197691.8
25991871.8
34837753.6
43056170.4
31356623.8
37112899.8
37642035.4
35571926.0
43385142.6
36099456.8
30380693.0
38088559.2
34169991.6
35636483.8
42832171.0
46920304.6
35148093.6
29450487.2
44401276.0
40777991.6
22262458.2
26981065.8
44172379.6
40918128.4
22488333.8
26382912.0
25168644.8
24550655.2
28796731.8
24771787.2
29914368.8
29300332.2
27133179.6
26967094.6
29693614.4
39581271.0
38432281.4
44277069.2
37958039.4
32996906.4
28280234.0
19038450.4
26201050.4
21484696.6
22810922.2
29660102.4
24258027.0
28833477.0
25720613.4
20127897.2
22633721.6
23489835.2
31787559.8
28049909.8
24014180.0
22837094.6
31195742.6
26779321.2
26967790.8
25199183.2
24650813.6
26894666.2
26165119.4
30631431.2
34556193.8
39573553.8
30551875.6
24804378.8
32983513.4
29978655.2
24611732.0
30544701.2
36577970.4
29993051.2
27487333.0
25939999.0
28033673.0
28062429.6
24916419.8
27497894.0
24936055.0
29583791.8
26829884.2
28006273.4
27314038.2
25909566.8
60544372.2
22396541.6
36343775.8
60276559.4
30854463.0
27484324.0
24988576.8
29543306.0
31316374.0
27339290.2
25795814.8
26012993.8
28436147.4
38231610.6
31751605.2
29712034.2
42773666.6
48489622.0
51172186.8
35256323.2
27211319.2
27633499.6
26024994.4
23322759.0
21785596.6
27101980.4
29521133.8
25272355.0
29540426.8
26807346.2
31110605.6
38844738.6
32900807.2
22988866.2
22464804.6
25271328.4
24271372.8
31763629.4
37467383.6
20081865.4
26055155.2
26422123.4
30020344.6
24502133.6
25339626.8
28695251.8
29714205.4
26281656.2
29589149.0
29746112.6
29374294.6
36505931.4
33127591.4
30546176.2
27917419.4
30293089.8
37724021.8
34863371.4
36932359.8
25531636.4
26919068.6
24419226.8
23640804.4
21837174.4
27408969.2
29830529.8
23919874.4
25893542.4
27301778.0
33489709.8
44071949.8
28657515.4
26116243.8
25710040.6
29758502.6
30210879.2
24675322.2
26536241.2
23077425.2
27497162.4
31305223.0
29389091.8
26440307.2
29613197.4
26678667.2
34238596.8
34982586.8
31889712.4
27910599.0
33622483.4
31049434.4
25425448.2
40252112.8
34155465.8
25966891.2
27487993.8
38751353.4
31348564.4
38356584.4
35297635.0
40823858.2
40642374.2
43513526.6
40795349.4
24693140.2
35629427.4
36772269.2
44100930.6
33369444.2
29478122.8
25219585.4
26778648.6
24773061.6
22590309.4
27299465.2
21967493.6
20641622.0
27894480.2
24739573.2
36472195.2
39885628.4
22270258.0
23508349.4
24961425.0
26315781.8
20730275.4
18420189.4
22117731.2
34549892.6
31530461.4
35842972.0
27511723.6
22914066.0
33445766.6
34266562.8
24941848.8
31662621.4
21231716.4
20645527.8
45268399.0
42373693.8
45418896.2
39892012.2
30627383.8
37598847.4
33010606.2
25208151.2
31075890.0
34771213.4
31500017.4
28724079.2
26024994.4
30375866.8
25596418.4
27449396.0
33355107.2
33960942.8
23447331.6
19720986.0
24390175.2
23433832.4
28455487.6
28014002.4
29095094.8
28758004.2
36763112.4
35442385.6
25947267.8
29656208.4
30361612.4
23700465.2
28278617.4
26093788.4
29876219.4
28633526.0
29318716.6
30099156.8
36663036.6
38255458.4
27929361.0
22920638.6
27966601.8
26037950.8
28357972.4
26626865.2
33745663.6
19791786.0
21598460.4
19243286.6
21195632.0
24938580.2
21137304.6
25628254.8
30265808.2
23563502.6
27472382.4
28697741.6
24853301.6
24391036.6
19323975.0
20649858.4
23089744.4
24328886.0
21586188.4
28673598.8
29346635.4
26419669.0
25409966.6
24688467.4
34721016.2
26605141.4
31218469.4
38888611.0
39058259.6
28016787.2
30499471.8
30590296.4
29475479.6
29500578.2
34622734.0
29689248.4
33011042.8
31061116.4
30528924.6
30377625.0
33426001.6
31703532.0
25629246.0
27974413.4
27036431.4
28253058.6
30581859.4
25882131.8
33099590.0
39402406.6
24537262.2
26221027.8
19260314.0
23223143.4
23318227.8
21558293.2
21224955.0
26261336.6
23033871.4
21346601.2
21679266.8
22514282.0
21756922.6
23157110.6
23483380.6
18548597.0
22784655.4
22952144.6
27149971.0
26268050.8
29635617.4
20433470.0
23705916.8
26707435.6
24471087.8
25233202.6
23794747.2
22239271.2
21454146.4
22956026.8
28448502.0
26627396.2
20543611.2
22664000.4
23594760.8
30957642.2
30378687.0
33431819.0
29119426.4
29869328.2
27568422.6
25814211.0
31104316.2
25153068.8
30815051.0
38308829.8
41006652.0
40100931.2
30016509.6
30620233.0
44951368.4
27064338.4
34376326.4
30264569.2
29310621.8
36922825.4
37574681.0
39235188.8
39268594.6
41728764.8
30418925.0
32346455.0
35013644.4
36562724.8
35608329.0
36849464.8
55999366.2
51991519.8
33394460.2
42612077.4
42615841.6
37129006.8
38676022.2
30235600.2
28779586.4
26070542.4
31019674.8
34280333.4
31998532.0
34641637.6
31554863.8
33326858.0
28925304.6
26641815.8
27014719.4
29421966.6
28880901.2
35743297.4
44430504.6
46501097.8
35485396.6
61369711.4
73316881.0
60905983.2
66832545.0
65912817.6
74242661.8
68410004.4
66838940.6
51486326.4
54134222.8
35761469.4
33315919.4
37948103.8
37312709.2
30665462.4
23793543.6
20353171.0
18006174.6
21244790.8
23498826.8
25405305.6
23073507.6
22552773.6
20199511.4
26530482.8
18803205.6
16724458.6
20736022.0
21519058.2
18439683.0
17466690.4
17612680.0
19647778.8
20752778.0
21341739.6
21513323.4
21093255.2
24022711.4
24902141.8
22712746.2
23925196.2
23867706.6
22117837.4
24291881.2
24922390.6
19862479.8
23362761.0
19244655.4
19715841.2
23612838.4
23765790.0
25421743.0
30421969.4
31473856.8
31674728.2
32907851.8
27794852.8
24860782.8
22021030.2
24384534.8
24392547.0
21593917.4
18969727.2
20373337.2
21933155.6
24580355.8
28035454.8
27005928.4
28298748.2
31002199.0
27141392.4
27718636.6
24616357.6
26223045.6
25970643.6
22000462.8
17886428.2
20830658.0
21003150.4
23041883.6
25505617.4
23203826.8
24402789.4
26966079.8
20584746.0
20120829.0
25796581.8
27099962.6
21964649.8
18649888.2
25284851.2
25217886.2
21842024.2
26721666.4
23620449.4
23229574.4
22420814.2
19570276.4
20975904.2
21734726.8
21530905.4
21074929.8
24649775.2
23256065.4
21989359.0
24233671.8
34039483.6
50749451.8
40398562.6
49583942.2
34222631.4
28285343.4
20592239.0
18320042.8
21716389.6
26229370.4
25371274.4
25159629.6
30396977.0
41367177.4
38959588.0
41857184.2
22341659.8
24390847.8
26238208.6
29253568.8
24178648.4
22842180.4
26938019.4
30068264.4
34048829.2
54196078.4
62648630.8
60528737.2
52707709.0
67857634.6
54110563.8
66711146.6
63370531.2
57368508.4
54792509.4
30020297.4
29094150.8
32016161.2
27164225.4
44532173.4
38768180.2
40245611.0
34743247.4
28843990.8
46388691.0
32610385.6
35657546.8
28921788.2
35462280.4
35364800.6
45748151.6
52383622.0
34134839.4
29561100.4
25003775.2
27843256.4
29399782.6
27897064.4
41968918.4
29571095.0
31092858.4
29118647.6
24906602.2
31184957.4
26551121.0
33076780.6
36712443.2
39526235.8
33733981.6
30243447.2
31065093.0
32514121.2
30717370.6
39199647.2
40303313.0
29352382.0
30648446.8
31957597.8
32638516.8
32807563.6
30962881.4
31855362.6
28602905.0
35560480.0
30130592.0
42535011.6
42942335.8
41731750.2
38400350.6
42117669.2
40029907.0
41897622.8
36888098.0
43839572.4
47174854.2
40624214.0
45823364.8
38208659.6
33814233.4
37630318.0
35431919.0
27811833.0
28781014.2
26222526.4
23109426.8
25370165.2
27591916.4
26045750.6
37344392.2
32398221.6
35021019.4
46227467.6
37511952.2
32086973.0
30183998.8
24423663.6
24404547.6
27218399.2
28137395.0
30381684.2
27229172.6
29779978.6
34307768.4
37637244.6
30235730.0
28569086.2
26333930.2
33743303.6
24346397.2
28941565.0
32442837.4
36060056.6
32170292.8
34981182.6
32759761.8
41172088.0
30174641.4
25161175.4
22366262.8
26611112.2
21971859.6
19585994.0
17956071.8
18831749.8
20114197.4
23834784.6
24894483.6
35813082.6
33538821.4
33479101.6
21265086.8
29472352.6
23130631.4
32967028.8
30889143.2
26968369.0
28075917.0
26488557.4
24090903.6
26336844.8
22513456.0
22511037.0
27799702.6
25326021.4
23143068.6
24815718.6
26519980.8
26074401.0
23411046.6
28952633.4
23148779.8
24649728.0
21396727.6
23631270.0
22319475.8
23408025.8
25247516.0
23577485.6
19863046.2
21074918.0
21471291.8
21546316.2
21846284.0
22424224.4
20966712.0
21014218.8
23213325.8
23108624.4
18634477.4
27782368.4
23008430.6
23211166.4
24039738.8
21455350.0
24398765.6
24088059.8
23093532.2
29005816.0
32488409.0
38202582.6
39258623.6
29836831.0
28703688.8
31459991.8
27844176.8
31773919.0
30686903.0
32578254.2
30217617.0
32328896.6
31441418.6
29325088.6
27245090.8
24403922.2
31688227.4
28169809.6
31242175.6
23317649.6
25592382.8
23383340.2
21852951.0
21023658.8
19993153.0
21803922.0
26677617.0
25100464.4
22458881.0
20678898.2
21846897.6
28054948.4
19796706.6
24327493.6
31350181.0
28788566.2
26435079.8
21421035.6
24674378.2
27196368.6
22694456.2
21286173.4
23503287.2
24513119.4
28329923.8
21242395.4
22301469.0
22421628.4
22448780.2
24165998.8
30782707.2
23441903.6
22332408.6
24627957.0
21592147.4
25264154.0
26041644.2
23570370.2
22832681.4
25638214.0
30773361.6
27658374.0
27410916.2
29742867.6
25679620.2
24951784.4
25659123.6
21905874.0
21383051.4
33008918.8
30305975.4
25672410.4
27928133.8
27067288.4
31904096.6
30612905.2
25826270.6
25436552.0
30023235.6
23662752.4
40033329.0
34218159.2
29328392.6
27117119.8
27436073.8
22677653.0
27507027.2
27489067.6
24923853.8
26465877.8
23402232.0
25361256.2
25429684.4
27698494.0
26405520.8
25716023.2
24483265.4
28318112.0
23936170.2
30679233.0
30232886.2
33879782.4
32896051.8
36035677.8
54039103.0
43998412.2
40566311.4
36276539.4
37714334.0
36275135.2
31730731.0
27214222.0
29946158.0
26261171.4
27035098.0
28062453.2
31914386.2
35706304.4
29966996.8
23704725.0
24540401.0
27535724.8
30561091.4
29610861.0
29286101.4
36621028.6
34894629.6
37940717.0
41046075.8
36825440.0
31648060.2
32127494.2
36442530.0
34390179.6
31756738.2
30846037.8
32263324.0
31243320.2
24580509.2
27070439.0
28891049.2
30874405.0
32941717.8
31821838.8
30103959.4
31718470.8
34464212.8
45828427.0
27625735.2
33252695.0
43323877.0
48732572.2
40337450.4
35967639.0
32448289.0
37007230.8
30953889.8
33161811.4
28613041.2
28725554.2
36560541.8
35523357.2
35508725.2
33896892.4
31360529.6
29736519.2
31619079.4
30050623.4
27222635.4
31528762.2
28432607.4
27851752.4
29620855.6
32629761.2
25551696.4
26565481.6
21212718.4
29594954.6
28453127.6
26928343.4
28451404.8
29921484.2
30915764.0
27345874.6
26377165.4
29854873.2
31147185.6
24713271.0
34282245.0
27368094.0
27456464.2
28378539.8
33456374.8
29987977.2
28887674.4
45988411.4
41085558.6
31595939.6
26545480.6
28115057.6
29849539.6
28221210.4
26902997.0
31650561.8
40144626.6
40293436.4
32924017.8
35061493.4
27305542.2
23575727.4
28679675.8
42644975.8
35039864.0
47896341.6
37509887.2
33642024.2
27372200.4
30656057.8
32782205.4
26561257.2
23053058.2
26487908.4
22902289.6
24136970.8
28424902.0
34541750.6
27586040.0
44954471.8
52192214.2
49537450.2
42254950.4
43494623.0
45045933.6
60432012.6
47749290.0
47493017.6
48872874.2
53875826.4
41265815.4
44226246.6
34337327.4
39201429.0
38587250.8
32205079.2
30968262.2
30820408.2
38444577.0
30746799.8
24837371.6
21342506.6
20574763.2
19710307.0
20403498.0
24803399.4
36622314.8
17708755.6
18666538.0
16566409.4
23785330.8
16740070.0
18374417.2
21178675.4
22135254.2
21608750.0
24594574.8
27844861.2
34524274.8
25299506.8
21967706.0
22377638.0
23644143.8
24537982.0
26740027.2
23605357.2
29042514.0
25977169.0
26493360.0
24774147.2
4786906.0
