24142847.2
28189586.4
30597341.0
24211299.0
24808426.2
25891489.2
31426161.2
31743758.2
31545046.2
29387534.2
27272160.0
27367480.4
28985425.6
29696245.8
36913420.8
30089457.2
25257015.0
25188162.0
29603226.4
27368943.6
28478190.8
29197011.4
26626523.0
25646238.0
25715692.8
27057683.2
27955627.8
26130439.2
24621124.8
26268817.8
23825675.0
22118498.2
22196543.4
23954790.6
23611587.6
26194159.2
20178672.6
23889017.4
24265413.8
25359545.2
24843413.2
26586993.0
29889600.6
25874886.6
29401812.2
26964215.4
23841038.6
25238512.6
27465455.8
26770931.4
27629582.0
26093186.6
22578002.0
23030697.2
20704563.2
26574272.6
25824689.4
26565918.2
25054609.6
27328481.4
26575971.8
29640396.4
25126070.4
28948904.6
25757158.0
29350553.0
24209989.2
26651798.6
25053618.4
27299890.0
35099560.2
25584760.0
70169455.2
48374560.2
27932204.8
30686183.2
34574330.4
25908681.8
30003742.0
30218844.2
30552819.6
26980263.4
28360946.0
26604964.4
26942078.6
32585039.2
25084617.0
26741809.0
24068637.0
26390475.8
25074539.8
25700848.4
24044034.0
24623225.2
23000253.2
26405768.6
26611702.2
26635361.2
29502796.6
28559976.6
25763636.2
25663477.8
26445322.2
27405275.8
26888943.2
26117494.6
29656102.2
28898648.4
33422414.4
31371775.0
26914384.0
26656141.0
37661151.4
34618261.8
43562815.2
30745029.8
29680669.8
31266802.2
33379332.6
31705136.8
30979519.4
25650840.0
26437675.8
27541318.0
26415350.2
27727604.6
28436300.8
27312999.8
29124547.6
29081052.8
25406013.6
24864181.2
25830294.4
25208812.0
26516216.6
28040564.2
32056694.2
25287954.6
24713719.4
25585928.2
30891102.0
41577465.2
38441308.4
40088576.6
38281064.4
33877422.4
27630821.0
23935155.4
25504496.4
24485129.8
28481329.6
28727701.8
29185624.4
24925482.2
26556643.4
25940695.2
27500195.0
25253180.0
25592512.6
21176598.6
22763415.4
24555682.0
28111706.4
26362321.0
29628313.2
34738197.0
29045275.2
26231954.6
27221030.6
24717507.2
26882878.0
29953887.0
23357439.2
22444166.4
27579597.2
29459714.8
28216691.0
26355500.6
27925219.2
32567079.6
30132692.4
27844743.2
26885710.0
27363279.6
32210542.6
31475119.4
34254574.0
31043569.8
26904212.4
27218210.4
30304571.2
30692425.4
28760966.0
25813007.4
25610153.6
27954211.8
36062369.4
37143697.8
31674256.2
34298092.4
28283313.8
32175921.4
24367177.0
24945613.0
28521874.4
27107196.0
29640148.6
27252784.4
28628935.8
28970593.0
30799840.8
31122193.2
32486733.4
31035675.6
28812437.6
30574862.0
23367363.0
23772339.0
29706641.6
31349650.0
36581722.8
28366527.4
26059297.0
28204643.2
32058676.6
28456172.0
34598756.4
27925526.0
27611492.6
27030000.4
31555607.2
24873928.0
30768795.0
32169396.0
31514366.2
29499563.4
29950996.0
29748142.2
28495300.8
31570109.4
24909162.8
27990154.6
24620912.4
25031705.8
30495176.6
32180464.4
24372475.2
25066716.4
23540705.0
26565705.8
25128524.8
28112579.6
26778636.8
25223125.4
26570614.6
26830415.2
30022362.4
34229982.8
29459478.8
26691741.6
22457724.6
21492555.4
26641143.2
26134002.8
32054204.4
30353116.4
30495341.8
34347735.0
30101929.8
27881571.0
30134568.6
32346301.6
29049204.6
28136333.0
28547456.8
24845313.0
26809824.2
27162077.8
33959479.6
29889223.0
32593405.4
32586301.8
31248087.4
27755440.8
28428595.4
28695523.2
33686132.6
29110293.2
31321896.4
31936900.6
30043047.8
29820535.2
27393534.8
24448431.8
31133344.2
33651570.4
29894084.6
29982903.2
29517499.4
28700974.8
30069940.0
28966734.4
29069854.6
26469524.0
28821736.0
25535235.4
26504157.0
24550100.6
29662462.4
26783026.4
29662250.0
34581327.8
30816360.8
24999031.6
25480754.8
26957253.4
28635614.6
29520614.6
28176335.0
30741407.2
28961235.6
30036935.4
29153528.4
30840267.6
26127890.4
25431631.4
29494690.0
31551772.2
31070001.8
32797887.6
31981976.6
30844338.6
34527838.4
33883098.2
30958208.6
24343553.4
28804980.0
32240904.0
32866386.6
37545299.0
30751083.2
31467956.8
32816767.6
33566964.4
29784321.0
31760077.6
33424703.6
27309530.6
28241907.6
26005713.2
25966466.4
28658907.8
29950465.0
27965280.2
29265144.6
28727064.6
33712175.2
34722479.4
29108924.4
29696623.4
28448714.4
44601227.0
31874396.0
30007529.8
30657981.2
30805552.0
29490843.2
25600536.6
27093460.8
24140711.4
29577785.6
31677324.2
30928873.8
28840568.8
27581107.6
31625286.2
29395310.4
28026250.8
30981584.4
34350354.6
31523310.6
26874441.0
24359318.2
25421082.2
26285621.0
28979443.0
31425441.4
29101938.8
30838922.4
33113832.6
30939281.4
34327061.4
33404266.0
35339171.0
28463971.8
27034649.6
29188975.6
27616956.0
27049033.8
23860520.4
25669059.2
23643896.0
24638718.6
25146425.4
26431575.2
26394051.2
22193322.0
24526890.0
23670139.2
26354674.6
27145994.4
23814311.6
24998736.6
23420840.6
24365100.2
22911245.8
28082312.6
25832265.0
26982694.2
35664969.0
33901506.2
23194917.8
27236913.4
29808841.4
23526438.8
23955911.6
22390311.2
25078315.8
30138167.6
26467187.6
33664043.0
25700057.8
25056981.4
33253580.0
28838669.0
32401785.2
25356548.0
25332369.8
41700197.0
63259729.2
79236020.6
33096144.4
26443056.6
30486126.0
33188833.4
32689929.4
35763204.0
33747905.6
31058083.8
31414762.4
28053190.2
39747851.6
51150510.2
36527501.8
27824518.0
31898833.8
32069273.0
33533322.6
28232337.8
27527028.2
30692626.0
29811944.8
30012438.6
29805419.4
29315518.8
28939039.8
30639101.2
32888877.4
33495491.8
55811085.4
46632077.8
45048576.8
31250459.2
27948252.8
28871768.0
29763517.6
28438944.0
29891299.8
28363270.6
28176146.2
29383286.2
30026303.6
28839341.6
30050116.0
29373279.8
40105828.2
37683524.2
37020057.4
44959392.4
40383494.0
41058418.6
39759887.6
30096077.0
29821561.8
28944113.8
30147973.4
29218971.2
34406392.8
32897892.6
33981474.8
35127231.2
33101076.8
33935844.2
39008982.8
34661485.2
32907037.6
32643697.0
27753364.0
25194899.8
26915941.6
27622631.8
28091587.4
27230222.8
27129427.2
26532429.8
25911301.4
23497823.8
26073362.6
25356819.4
24127755.0
23518426.6
27298497.6
23454128.4
31740820.0
29472718.4
31793436.2
30551981.8
30247282.2
27575254.8
34147371.0
31947662.2
30045466.8
24999161.4
34687586.8
28904808.0
31471508.6
33618353.4
33317028.6
28620203.8
32182635.6
29407346.4
31580729.4
31440002.6
37091494.6
26860528.8
32994062.6
26521243.4
31090309.6
30642889.0
30595028.2
29012825.2
36239263.2
36393654.4
31172130.8
35467142.0
31921820.2
28768293.8
32969731.0
32718166.8
29918746.6
35266907.8
31570026.8
28876405.4
25520367.4
30917958.8
28989012.8
25575497.0
28141147.4
27304574.6
25200481.2
27514650.0
37506264.6
44744514.4
36943097.8
28978322.0
32634375.0
33283363.2
33733958.0
40334299.8
38802707.0
43532925.8
48098900.4
50416562.0
54100864.2
39354014.8
27375551.6
28783291.6
33397209.6
37080426.2
37160465.6
39330096.2
35252134.2
27625912.2
24672443.0
26339818.4
25757464.8
27595480.0
25675502.0
28515136.6
27541471.4
27532951.8
27691189.8
27927201.6
26903162.2
30535497.2
32142987.6
56123750.0
41663156.8
41136098.0
32170965.4
33941319.4
27115255.4
26187244.4
33749404.2
37068767.8
33488529.8
30165508.2
28022050.0
35758130.0
32590797.6
29424645.2
27375976.4
26070754.8
25562989.0
26127017.2
35591761.8
31867740.8
30417107.8
32924773.0
40664605.4
35755451.4
32951323.0
31978625.4
32829641.4
28590456.0
32280174.4
30953594.8
31927153.8
36393607.2
36592354.6
28427191.2
28509980.0
36419437.4
36031842.8
29472978.0
28381112.2
31270955.8
33590092.4
32226130.4
32967241.2
34920200.2
28072506.8
28923723.4
26956368.4
24756211.2
24107376.4
29631959.4
32839175.8
30730020.2
27700464.6
32051030.2
30097127.2
28438991.2
24761190.8
26219493.8
27364353.4
29311424.2
33165410.4
27423447.8
26337293.2
32163909.0
32736692.8
24679204.4
27998709.6
25622496.4
21789207.4
28109228.4
25175606.8
27650633.2
25619487.4
25630190.0
25892209.0
30000225.6
32317651.2
37777900.6
27391528.8
26315522.2
30693570.0
36600036.4
38068699.8
30027814.0
27557566.6
34656493.8
31111714.8
28690437.4
28786253.4
30511885.4
30744593.2
29296981.0
35051805.6
35175859.0
40482024.0
35817755.4
35156471.6
36489989.6
34624858.0
34395418.8
32116001.0
31065388.0
32586490.6
25994621.2
23024773.6
25500401.8
24940952.0
22215978.0
24372168.4
30537349.8
27687083.4
28115069.4
25439384.0
23153865.6
26105010.2
29812015.6
29205306.8
24680785.6
27780480.4
25671136.0
29314940.6
28099458.0
23346418.0
22353011.4
20941542.6
25356878.4
23348518.4
26026847.0
23163057.8
28033071.2
25971422.4
24480209.2
23381110.0
24700822.0
21974644.4
23473138.2
24354338.6
23037706.4
21263364.0
24708515.6
24029555.4
23813308.6
22425982.6
28568885.6
23630196.2
25374295.2
22994105.4
27131303.4
31051676.4
24717283.0
23388839.0
26845365.8
27928688.4
25658934.8
28923522.8
31614029.0
26858168.8
28806396.0
24555505.0
27399989.4
25263800.0
24163556.2
24416040.8
24456774.4
25413235.2
25151924.2
24693128.4
24111270.4
22942704.6
28178116.8
25970230.6
28572177.8
27398125.0
36308222.4
35145190.8
34783969.2
31944228.4
33640407.6
34133140.2
34476225.2
32737094.0
31207176.8
31872637.8
33625445.2
26750777.0
28357701.0
33640997.6
37629149.8
28617242.0
30215127.2
33637198.0
42744933.6
40386503.0
33108829.4
29222747.2
31390489.8
36061543.4
31160755.6
36663237.2
37837608.6
44507782.8
47242432.8
48442079.8
36747029.0
36911733.4
33483514.8
34281749.4
31633357.4
23436770.6
29615227.0
31569861.6
27461255.0
25957474.8
32965471.2
35973645.2
28655757.2
25104783.2
26840775.6
38172115.0
37774691.0
34632292.0
34741276.8
33938511.0
30992959.6
34427857.0
34598154.6
31108764.8
29575461.0
26055780.6
25390685.4
29675560.4
31908368.2
31861062.0
28950025.6
27088811.6
26711317.8
26050270.0
25629694.4
25803248.8
24149136.6
27527158.0
26665404.0
30300429.4
29387994.4
33770667.8
34162321.6
30844173.4
29519186.8
31159398.6
35117956.4
27708394.2
27199295.0
29801053.4
28458520.2
32228348.8
26189132.4
27078616.4
25069265.2
28626221.8
26910419.2
25547554.6
25507328.4
24395296.4
22886524.8
27356412.0
30951907.4
22821211.8
25884208.6
27529730.4
33214026.4
29665624.8
29017368.2
32571351.2
28021212.2
27832412.2
28149490.0
25946725.0
28535326.4
28104827.0
30003163.8
31093365.8
28578644.2
30087168.0
29099036.0
27385770.4
27726672.4
28296824.8
26995119.6
28838822.4
25291530.0
25226287.8
28427167.6
25232187.8
29171735.8
29433046.8
27815774.2
33277014.8
30079427.2
27350783.4
29284638.2
28326442.8
27763299.6
28354408.8
28101747.2
29367934.4
26021183.0
32253329.4
33985781.8
30889461.8
31565542.8
27817544.2
31542827.8
32324802.0
37209943.0
35714847.6
33780745.0
29034926.6
30992511.2
27573756.2
27812234.2
27799679.0
25185153.0
29000671.2
30677628.2
28393278.0
27807703.0
27694576.4
29038537.4
31791973.0
29290703.4
33883652.8
29356606.4
28941175.6
30681982.4
31947272.8
28704986.8
27778179.4
30790164.8
34939918.0
36579870.2
37213884.2
36494945.6
30985325.0
29040460.8
32565486.6
31395091.8
31658892.6
26300642.4
27602725.2
28362232.2
27333909.4
27780350.6
27319289.2
28383460.4
29167664.8
29359285.0
30635006.6
30442395.2
30265147.4
29182875.0
30846568.8
37565335.4
35316031.2
45443322.2
31937726.6
30701735.6
30687445.8
33499149.8
37969804.0
33786255.6
31715332.0
31745540.0
37211536.0
37022441.0
35152188.2
33998325.2
34576678.6
31197713.2
33303977.8
35388483.2
28990782.8
31131751.2
34109658.2
31957232.0
31521410.8
29981475.4
26233771.8
29522207.6
29986278.0
32328117.8
34188623.8
27460063.2
27292432.4
27877960.2
26922301.8
25902510.4
31962400.4
33809985.4
34644304.4
30756794.4
31026955.4
31163351.6
30946031.0
27106370.0
28658778.0
29087059.0
30411644.4
30506197.8
32191780.6
29304025.6
33607568.2
34841529.6
30026280.0
29958264.8
32189503.2
31392071.0
25213107.2
23563573.4
25740956.6
27298391.4
27146914.8
24321699.8
23853877.0
27335337.2
27496206.6
26194005.8
28598704.2
28081073.6
31930670.2
26108019.2
26362887.4
26959483.6
28844946.6
26780914.2
28216313.4
27607610.4
26997456.0
26886972.6
27899282.8
27570192.6
26548902.6
29200551.4
30994953.8
26597200.0
30351948.2
23160863.0
27792044.4
23800977.6
25549961.8
26278694.4
28278216.2
37758076.6
48120895.6
27613840.8
27395080.6
26070035.0
25774881.6
27471167.0
25284048.8
28136734.2
25114246.8
24650211.8
27433867.2
24101228.6
24658401.0
26052807.0
25956967.4
23973623.4
25882167.2
28808555.4
27642727.2
29701024.8
34131830.4
40404262.0
28521296.2
25700246.6
25607711.0
24467819.2
25062468.4
25763671.6
23466211.6
25046573.8
46498230.4
29138931.8
22974293.2
25387605.6
28318879.0
25911572.8
28671769.8
26743649.8
25643807.2
25167960.4
24996659.8
27194870.0
25265074.4
25879866.2
28647048.8
25089065.6
24210886.0
25489569.4
24900961.8
22139419.6
25821243.8
28663887.4
33046855.8
35646761.6
32503937.8
31719237.8
25623534.8
24052176.0
24952846.4
27628319.4
32356426.0
25253109.2
23576388.2
25804688.4
25557537.4
25673968.0
23767300.4
25736059.6
26351205.4
24208408.0
23928453.0
26599135.2
37239360.4
30317091.0
30984569.8
30753112.8
32506522.0
35359844.6
32167165.8
32305992.8
35094155.8
39933678.0
34413095.2
32959760.0
31425972.4
32234933.2
26376705.2
22852257.6
24944704.4
24582019.6
27253362.6
33115921.2
26858865.0
27462057.4
30734055.8
28467488.2
28804390.0
30742044.4
26732900.0
26536630.6
27622183.4
22773740.4
25405990.0
25702677.4
23577827.8
28065804.4
24589017.0
26675410.4
23160815.8
23468807.6
25979316.6
29805148.0
23221857.2
27733315.8
27089720.2
27114913.2
24754323.2
24142752.8
23108978.4
25997052.0
27236665.6
46031634.8
27569354.8
26904814.2
47632729.6
31708417.2
32963937.2
26111193.4
24640134.6
24342031.2
25776781.4
26317457.4
28377324.4
27059594.8
25741169.0
29416762.8
29236671.2
27731227.2
28061261.4
21783307.4
24238132.2
22611903.4
23080670.2
21792157.4
20925860.4
24550549.0
18599042.0
22946929.0
36891354.8
34001015.6
24583235.0
20200597.0
14076467.8
18926586.4
19357038.6
17836396.2
26177249.8
19149512.0
15282982.4
20659428.2
19020691.4
22042789.4
17454194.2
17929958.4
22492227.8
18258600.2
22782673.0
24540790.4
22706150.0
27606041.0
17707032.8
18128493.4
14465006.4
17758657.8
23613699.8
20851225.4
17036663.0
16572120.6
23621074.8
24744706.2
23135611.0
20561523.6
34761230.6
37905600.2
48091053.4
50039587.4
39408932.0
42167606.8
39110970.2
39464285.8
37073948.0
38446901.6
41862494.2
41755928.4
38733606.2
41636559.6
37660349.0
43077221.6
41949283.2
46635995.4
40741470.6
37048778.6
41574491.6
41432325.2
37626329.6
37132664.8
34503577.6
40749447.4
34429933.8
32588685.4
33690545.8
33913801.8
35956358.2
42606165.6
35186479.0
34127842.0
38990669.2
37603945.0
37295799.8
39704250.6
40788635.2
38681049.0
33119602.8
36879649.2
37994654.8
37911169.8
42414486.4
35732488.6
35277881.8
35401982.4
38613281.6
36658021.6
38362095.0
37845904.0
40390951.6
45120710.2
41571553.4
41268576.6
38975883.8
40544941.6
38574318.0
51396115.4
42621883.2
43244097.2
37406448.4
39917488.4
36259358.6
38742668.6
37347330.4
39961372.6
36245257.6
40724160.0
38381093.0
44444074.6
38051672.4
38505240.8
36976515.4
40074499.2
38071956.6
37727856.8
35825708.6
40744644.8
36003263.2
36526734.8
37467147.6
38338377.0
38843959.8
40989459.4
39026989.6
47443280.6
45413751.4
38196505.6
38996262.4
39371844.6
34099722.6
35697761.2
34946856.4
41498464.2
38995306.6
37658071.6
37175664.0
37953107.0
43542590.0
63159901.2
54151852.0
49108001.0
47775368.0
41263396.4
34045973.6
39934315.2
40922352.8
43014398.4
40919119.6
2883389.0
30143336.0
23497835.6
20966877.2
20331529.8
19929138.0
25739552.4
31143810.8
23179389.0
25454771.2
26180388.6
20757793.0
19518380.0
31347065.8
35709514.0
38207503.2
36614833.6
37343165.0
36343598.8
41990111.2
43444437.6
44850938.6
39615727.0
39887575.4
45714167.6
46654556.8
45595518.6
40246354.4
45315433.8
42955386.6
43715200.4
37772071.4
38070269.2
37142506.0
44710825.4
41743125.4
44206458.0
47335558.4
36985861.0
38971388.0
41313121.6
40520055.4
41911228.2
43935789.6
41875981.6
40512774.8
41669576.0
39630677.6
42950737.4
43803311.0
40819220.8
44266354.8
44163848.2
39399244.2
13327085.2
