23646822.4
20087800.8
24659073.6
24081463.6
26164246.2
21363192.0
21862792.2
22073953.2
22566910.0
24568992.4
28033496.0
30693699.8
49231181.2
50272873.4
56623208.6
30797410.0
21703268.0
21878049.6
26135135.6
28185468.2
29847734.2
24910991.8
21173825.6
23660439.6
25599828.6
25019858.6
22779652.2
28212891.4
34776570.6
29409140.0
32338643.4
37745769.2
26657297.4
24424359.8
22601814.4
23794818.0
29649989.8
36362242.8
33029344.6
28397797.4
29661754.4
28829712.8
35061941.8
23525081.8
28194802.0
35587065.4
32783361.8
29083943.8
24688089.8
26225252.2
25894628.0
26586603.6
28376510.2
26916460.8
30469547.0
24734357.6
22965396.0
21126377.8
18517150.0
24652536.4
36123127.6
45245341.8
39126038.8
17952850.4
24618410.8
30334024.0
32178423.0
21381541.0
27378277.4
23164249.6
21600171.4
21136620.2
24167816.0
31167292.8
28352131.4
19016372.6
18045905.2
25224034.0
47808891.8
32354172.2
27315147.4
25898663.6
36384556.6
28129689.6
21445331.8
21574388.4
23332918.8
18930303.4
22595442.4
27615905.8
25890757.6
21144396.4
21288816.6
24718581.0
26531238.0
23305908.6
21614496.6
18568834.0
22223801.4
24388959.8
25764084.6
18415752.6
17237735.0
18356552.0
16900019.0
27596789.8
35118617.2
19542652.6
19645536.8
18580657.6
22311392.8
22284488.8
19360814.6
18531723.0
28073321.0
28722321.0
26427150.2
26239412.2
28081651.8
24146847.4
20863367.6
19503665.4
22545847.0
25872432.2
22094426.2
19893879.6
19420723.2
28493306.6
22449323.0
20449600.6
22178347.8
19973671.2
21415702.0
25329714.8
27254235.8
39049209.0
35339831.8
27422716.2
37156276.6
29962630.8
30690254.2
27589851.4
24489354.2
22419858.4
23149440.6
20568650.8
27463756.6
27576493.8
22177238.6
23856697.2
26432955.8
25292851.6
24527881.2
30587617.8
31889842.2
26490952.8
23014920.6
21911715.0
25721250.6
20117289.0
22772890.8
23459898.6
21944176.8
20934993.6
24813936.8
23252407.4
25981133.8
25198640.4
28624510.8
29035634.6
22732405.0
24396181.4
20206721.2
21503033.8
24872382.2
24864346.4
60134157.0
62874730.6
33292130.6
40777649.4
45642034.2
41634978.4
45911440.0
28946379.4
32797356.6
44005397.8
31946399.6
31284254.4
28922873.8
38032839.6
23666445.8
24540129.6
32632156.6
44532964.0
32446436.4
31079335.6
27679838.2
20792544.0
32850114.4
24475347.6
30329422.0
37581890.8
30141212.0
23164768.8
21200670.6
21470182.6
29275729.2
28478603.8
23047217.2
27893441.8
37076402.4
20612641.2
22233335.8
30493925.8
22667198.2
20630518.2
22065056.0
24291515.4
30128751.2
25339461.6
17897378.6
25264814.8
28199002.8
26913770.4
38868798.8
24938556.6
26702113.8
26034564.2
34784158.0
37782844.8
33530537.8
25503989.0
32987926.6
22908815.0
37130776.8
21740508.8
21123935.2
20976352.6
29222369.6
23998674.8
24606068.0
18574639.6
21157553.4
23396461.8
20736210.8
98963602.8
107188592.2
107315277.0
111756183.4
53091940.6
25375439.8
28564968.0
28795304.0
22399373.6
25449602.8
25862284.2
24718356.8
25357669.0
21112076.2
26104019.0
37240764.6
41136888.6
21440328.6
22407043.6
25595675.0
24566384.6
22591808.0
19270167.0
27153322.2
21142402.2
17410534.2
22075274.8
42385977.6
32576979.8
29019350.6
34714703.2
27491404.0
30451622.8
23490932.6
20183097.6
21876374.0
20793912.8
24836463.0
29351626.8
25410509.4
25185695.8
26171526.8
20143614.8
25666829.0
22665086.0
20108710.4
20746122.8
16947183.6
19422552.2
21384278.6
20971207.8
30523673.6
36368909.8
20195110.0
22512004.6
19709398.4
19797497.2
18851691.8
31598476.6
19718472.6
27074970.2
19401430.2
19416664.0
20779599.4
19821640.0
44181772.4
36426470.2
21637683.6
27695850.8
21888126.8
19546534.8
33445979.0
29142542.6
24803104.4
24227441.4
29278101.0
23310557.8
21061112.0
25777017.4
24835908.4
24500151.2
25699609.4
21247375.0
24810609.2
27308079.2
35881534.4
23784481.2
22559015.8
27151646.6
20096816.0
30203598.6
27049411.4
21023894.8
25982408.2
26636694.6
20969732.8
27631599.8
44600943.8
31947143.0
32861194.6
26363477.4
31262247.4
33985026.6
29582635.4
32576956.2
30241866.0
29156053.6
26407904.4
22829648.8
43052772.0
28424996.4
31910976.0
46243362.2
49508575.6
41024635.2
43693913.2
40473941.0
27485976.0
26212225.0
23931721.6
26564254.4
32950379.0
27853970.8
25850130.2
34095746.0
37850352.6
30957170.2
39750046.4
34973630.6
36267842.8
28059762.8
28752717.8
37890319.2
25819721.6
30027424.6
35284749.4
35294177.6
42525654.2
32085238.4
27863871.0
30562389.4
27616743.6
25194593.0
24322419.6
26054695.0
27349544.4
30968781.4
33081276.4
26704839.6
23674410.8
23889206.2
26298553.8
30009642.0
23451532.4
23329968.8
26065185.2
23899613.8
24854257.4
23056149.8
35169746.6
42319166.0
27589709.8
27292857.2
26826108.2
26501325.0
30229912.6
28532718.6
31341578.8
26752724.0
29770727.4
29359957.6
23795880.0
28681504.8
27385357.4
29159404.8
30624115.2
26671221.4
31617757.8
26659032.0
25848714.2
23730649.6
26964416.0
28406859.8
34085539.0
29129952.0
26011884.6
27145097.6
24096378.8
26107913.0
25000660.0
26364209.0
21416551.6
33152064.6
26802673.4
30885674.0
26137920.4
25404066.6
25582140.4
29219915.2
38580548.4
21565160.8
23048668.6
26948887.2
25521146.2
30772630.0
28038015.4
24903841.0
34995083.0
36925610.2
28181196.6
33656443.8
31107844.4
42204576.2
43919564.6
33666237.8
38422192.4
35699637.4
50631522.6
49736598.8
57070629.2
47913711.2
44425595.8
27769825.0
33297133.8
48326947.2
31559536.6
25109408.8
35719024.8
25456128.2
34520593.2
42717958.8
48624130.2
40992680.8
41001235.8
31976926.2
38845269.6
31680852.4
29186379.6
20608440.4
27455744.4
22090367.0
22793906.6
24239229.6
20945377.6
23809131.4
17873212.2
20997970.2
46065618.8
41416796.4
41718015.0
46403736.0
23415023.2
34600526.4
29426698.4
32949199.0
34033678.0
30571251.2
29481533.0
31176426.0
21875323.8
22670832.6
26406405.8
34000720.6
17736733.4
24064707.6
41400099.4
34936614.0
43331370.0
35000180.6
59499010.2
38799308.6
23775477.8
26342355.4
22862806.8
25016330.4
24068342.0
33137786.6
29665860.8
31542485.6
36772941.8
36479015.6
30280192.4
26360256.0
37737096.2
29920139.0
32012762.8
31557318.2
28275514.0
41370210.0
33612606.8
27749953.8
38352725.8
33254783.6
37855001.8
28827801.2
41762418.4
31766095.6
37468197.8
50885623.8
51756157.0
41017897.4
39628589.0
46832736.8
57919946.0
43686479.2
40413324.4
21475445.4
39324066.4
30263106.0
26745679.4
21126354.2
27140908.6
24026428.4
25034785.6
39316549.8
24019018.0
48577307.8
95254131.2
94710422.6
77570427.0
64711247.2
71917011.6
29822977.8
32758912.2
29238523.8
34463917.8
25418993.6
30234172.4
26542341.8
27391729.4
28046712.0
29162248.6
23114418.2
33974501.0
24277438.0
25167783.4
29726383.0
33074609.4
32230921.2
27623693.8
24977768.0
26831406.4
33161646.2
29496837.6
32603364.6
26086814.6
24085133.4
26188955.4
28350632.8
27769872.2
27931886.2
28472220.0
23716171.0
42482926.4
36163401.0
30031696.2
27473845.6
30760558.6
22372080.2
29260707.8
24062088.0
24780967.6
26821695.0
33417187.0
34733901.8
40805757.0
50258725.2
38719340.0
31068668.4
38181519.6
35459814.2
23303359.8
19800931.0
30543391.4
31411364.0
32611730.8
43797139.6
24628570.6
29138235.6
37802421.0
36039017.2
32627011.8
25826034.6
30463505.4
32048693.8
24177787.0
33970264.8
35485325.8
41732139.6
32739017.4
30223552.4
29091979.6
27121533.0
29372760.6
39982990.2
27800162.8
21314292.8
30268534.0
31492146.8
30312489.0
26133188.6
28550241.6
34013570.8
43654772.6
33609857.4
27769766.0
30378687.0
29728507.0
22354285.8
33497816.4
29519375.6
23254897.2
34509182.6
21651277.2
36175826.4
32198754.4
30497324.2
26753632.6
34161448.4
27488772.6
33262843.0
24707512.6
25729192.0
22542519.4
29529275.8
25075908.6
31083796.0
26680437.2
25701438.4
27673985.4
25863428.8
27886763.0
30827464.6
25476318.0
23557980.2
19402150.0
22589011.4
58163014.2
52449631.2
64765940.2
50345773.8
46496779.0
61499523.2
54865327.2
50845102.6
49617312.6
40401241.2
24873939.8
29615415.8
21779897.2
25165411.6
20917128.4
23066545.6
22509137.2
22816893.0
22105589.0
24738641.0
25687101.4
20118162.2
19434552.8
21555709.0
19678211.0
20273733.4
20976706.6
24778418.8
26786991.2
25550681.6
27357403.2
36788423.4
31617203.2
31322604.4
37230522.2
32965683.6
43380481.6
33070916.0
25540911.2
30161401.8
34972120.2
27626278.0
19069047.8
25542055.8
26527922.2
33238086.6
54983575.0
51754493.2
42022360.6
44196581.4
42233686.8
27221313.8
20719608.2
27943509.2
29243609.6
24128876.0
26995815.8
32533555.8
26831205.8
24878022.6
27144330.6
22500157.4
20661835.4
20705743.2
23658091.4
26305633.8
26805352.0
37282477.6
26814355.4
24098278.6
41544602.2
43917251.8
25820417.8
22193510.8
23993176.0
27346700.6
38048923.0
24595105.8
27077519.0
27685974.2
30799156.4
26884494.6
25061795.8
31768609.0
30147725.6
26497726.0
29448941.4
37621645.0
27775831.2
21769454.2
29364819.2
25356902.0
29191666.0
29642898.0
33245296.4
26787911.6
31177948.2
28116261.2
31924439.8
27379776.0
26473901.8
23735924.2
24510134.0
25404479.6
22389756.6
33651334.4
37347165.2
19846915.6
24328390.4
30088147.4
23318971.2
18452285.4
64801316.6
55139689.0
26055308.6
22094036.8
23917903.8
21269830.4
27131185.4
23635659.6
21538374.8
23829073.4
26559168.6
27314380.4
25739552.4
28832084.6
29020577.8
29552285.8
25669212.6
37609432.0
28925399.0
23036750.6
20536047.4
21137599.6
25128288.8
26831300.2
24073191.8
21090871.6
23718236.0
25438097.8
32641962.4
31778190.6
37371638.4
30892754.0
28775716.0
22511438.2
35186467.2
28916584.4
33601868.8
31797696.0
35952853.6
44256867.6
43967555.2
47839772.4
43537268.2
31984277.6
27258719.8
37773157.0
44623163.2
41861326.0
43382770.8
41945837.6
34860622.0
29979729.0
31880414.0
28547091.0
34385282.6
35460404.2
33664774.6
31203082.2
33170260.2
34496863.4
39037279.2
33979799.2
33383391.8
41930674.6
36524422.0
25205154.0
23964679.0
28489967.2
34124266.6
41322030.6
32066995.6
26124031.8
32880275.2
37242074.4
30218561.0
28112733.0
27753305.0
29763989.6
30935363.8
27620437.0
39741078.4
33998042.0
25598176.6
27281010.0
29697189.8
32010863.0
36117192.2
28063255.6
32313981.4
47777208.8
59765666.6
57275642.4
49300270.2
46218771.0
34365317.0
44772881.6
52002552.8
45717566.0
44788327.8
35095619.0
34205391.6
49149171.2
42335827.6
47576302.0
48408709.4
37969556.2
47985254.6
37066407.8
25594530.4
37067682.2
24908997.6
30337847.2
28986782.6
25203773.4
26834887.4
29814458.2
32041531.2
26312418.8
24036045.4
27297400.2
28857289.4
30195598.2
26662253.4
24252091.6
26479825.4
31027262.2
31758036.2
29262442.4
40491428.6
47835158.6
38517288.6
46209862.0
49892417.8
22218833.6
28938449.8
28337747.2
32853890.4
24820391.4
29343461.2
25287352.8
27217726.6
26096313.6
40908452.4
28185574.4
29341915.4
24214355.2
33355107.2
23477079.4
26112196.4
37592829.4
30334590.4
27921348.8
29159853.2
24207829.8
30483117.0
25591615.8
24473589.4
25456812.6
24570998.4
28019359.6
30200271.0
25714536.4
26831241.2
26548489.6
28562490.0
30843371.0
25957522.0
21360572.4
28315386.2
25800464.0
30313503.8
27959899.4
32113239.8
38956744.2
34336029.4
37630329.8
27657489.0
25319519.6
22858169.4
24516600.4
28985472.8
30199539.4
44424026.4
50501923.2
29858578.4
32233009.8
25665483.8
29981003.4
30886205.0
28865549.4
23248253.8
29892338.2
34650393.2
27657017.0
35839585.4
47321516.4
28284080.8
27888816.2
41604451.8
32729117.2
24180418.4
25315578.4
30116514.6
25004046.6
25440847.2
28698673.8
32962285.2
32664524.0
32109322.2
25213201.6
24965602.2
25376065.2
21838189.2
23882810.6
24753874.8
24541356.8
28517366.8
31993906.4
22565482.2
27339195.8
29765393.8
34428895.4
27847752.2
32470897.8
28812614.6
26324006.4
26872907.0
35404165.4
43835961.6
39433735.6
30864599.2
26409709.8
30321291.8
26414335.4
27444876.6
23505045.4
22683376.0
22969844.6
22965266.2
18759203.4
21803131.4
21681685.8
22050907.8
27199200.6
26249713.6
25806175.2
22666266.0
25923856.6
20492186.8
29414143.2
28214295.6
29564616.8
24516789.2
21553832.8
25203561.0
28238131.6
29457413.8
26700485.4
25379664.2
23392685.8
26850923.6
26881957.6
25747305.0
28182199.6
26475624.6
29134731.0
30218100.8
25149717.6
25192445.4
30188707.0
39055392.2
42301348.0
45922532.0
38267907.4
37012859.4
25766574.4
32077179.0
35299735.4
23230518.4
20433894.8
28222378.6
23948949.6
30270386.6
24657527.8
29156867.8
24538312.4
22484746.6
19839564.2
32559846.2
28576638.2
25825279.4
30340891.6
27742413.6
27238176.0
26032039.0
27840613.2
33109749.8
34314919.2
33211383.2
43507249.0
43998211.6
49232384.8
31263262.2
30996877.2
29875346.2
33221318.8
31872024.2
27816199.0
31267498.4
29608666.2
33199087.6
28116756.8
32848379.8
29122022.4
31962990.4
31392661.0
33415310.8
36446565.6
38107061.6
39186561.0
32535573.6
35207848.8
33902226.0
30485441.6
33952741.8
25066858.0
22603324.8
23521860.4
28689646.8
23867742.0
23772740.2
24346869.2
33151533.6
29339000.8
28798655.2
28683251.2
26616858.8
24072531.0
28297273.2
28969000.0
35135809.8
31300798.0
26769857.6
29782669.0
26913062.4
26672649.2
29654816.0
22711141.4
27209938.6
33086810.6
28822644.6
32138586.2
30082530.6
29735575.2
30561598.8
30586343.4
24020103.6
23455308.4
23159340.8
26747378.6
35970128.8
30143477.6
29316226.8
30235789.0
27290237.6
27441773.2
31964453.6
38433178.2
33409788.4
35111136.0
36682636.4
34386037.8
31573944.4
26406311.4
31766827.2
31312515.4
33833420.2
33809407.2
40475333.4
38941675.6
39286754.8
34681273.8
41050878.4
39833519.6
30263070.6
25250761.0
34113174.6
51363582.8
39737715.4
27663058.6
42475032.2
37831201.2
36565368.0
27660297.4
30515390.0
34494822.0
32120803.6
29273581.6
40634727.8
40080092.4
34609541.6
32438341.6
33367556.2
29511245.4
58973544.4
66143389.6
39156459.2
60605968.2
37894425.6
28870965.6
26778743.0
31291263.6
41309487.2
49900878.4
29524862.6
31542686.2
28990417.0
29515115.8
25477686.8
26776312.2
28072695.6
38569067.0
31920309.8
24063232.6
21688931.0
30439516.0
31539110.8
30153401.4
24521945.8
32040811.4
31370252.8
23546935.4
32186175.6
32153430.6
67404644.4
85693629.6
61227521.4
46106895.2
51039625.6
38911644.6
73134842.4
28971501.6
31354299.2
25612077.0
25387794.4
29049723.8
28127506.6
45180430.0
53421904.0
37738299.8
34067119.2
38205025.2
33091448.0
25627240.0
27395977.4
35930079.6
41941908.2
33064178.2
26991992.6
44205986.0
31307960.6
30075108.4
38762091.4
30639313.6
28453705.8
31757611.4
26845129.8
29801501.8
28486427.2
36971819.0
31864932.4
25604359.8
26315534.0
36277448.0
35476121.8
28679793.8
24750146.0
26667752.2
25607215.4
25370755.2
27504136.2
30551191.2
32442636.8
26668542.8
33302998.4
28927759.0
29178627.0
29742360.2
22969431.6
26519827.4
29211324.8
30073633.4
46355686.4
31646962.8
34273477.6
39246174.6
40951959.0
34547367.4
42656716.8
41362374.8
34250621.0
33899889.6
31782261.6
35740866.6
30721064.0
39010953.4
39887445.6
25617693.8
30732132.4
33759115.6
34455551.6
32183013.2
23907708.6
33344912.0
24752211.0
19385936.8
25139227.4
27598028.8
24030239.8
24254180.2
28866174.8
23048869.2
24493165.6
26502410.6
24373348.4
23901914.8
25854944.6
25539141.2
28908843.6
26537114.4
23733092.2
27310309.4
22250788.0
24224196.4
31854926.0
30127004.8
23561827.0
33137668.6
22197121.6
23703179.2
29647075.2
21276698.0
30416871.8
31415753.6
27540527.4
30384740.4
30467729.8
32111340.0
38365281.0
24179828.4
28022970.4
38618332.0
27073377.2
21974703.4
26293456.2
29253415.4
21198794.4
32377312.0
32552176.2
28882045.8
23950778.6
26862098.2
25561927.0
32474449.6
35874383.6
52474470.2
67197566.2
58484375.4
37450332.6
25155299.0
29322244.8
28561156.6
29939054.4
28165856.6
42619369.8
35386583.4
24401774.6
33078232.0
29428916.8
31226115.8
50327236.0
35627350.6
29075188.2
28058252.4
35902750.8
50415747.8
37098598.2
27011167.6
24626057.2
25679927.0
34352525.8
30544500.6
30644647.2
30801138.8
25040850.8
28133560.0
25031741.2
26813753.6
27002695.2
54693342.2
88509345.6
84460057.6
56374146.0
64480380.2
53968834.0
55493453.0
66485695.8
84729180.2
52473833.0
54482901.0
61591752.0
50497451.0
58749556.8
58019042.4
50347956.8
55901626.8
59515660.0
60841873.8
48492560.2
55743672.0
82211308.0
56512642.6
63119804.8
68082058.8
45476043.6
61270320.0
70007417.6
52763027.4
67274785.4
59721817.8
55009641.2
57731582.6
54020718.6
67956672.0
70123376.2
50284791.4
53849996.2
43192000.2
52061069.0
54214934.8
48765506.0
61229315.0
59249924.0
46233851.4
58164017.2
64465571.2
66009011.2
27498484.0
29695549.6
25989795.0
30267247.8
25536002.4
34049254.0
26375017.8
25578045.8
24800945.0
35652118.8
39263815.6
40544906.2
37626778.0
39765516.2
48209726.0
36375989.8
30933676.4
27022672.6
23305177.0
24080260.0
25625906.6
26770353.2
35099100.0
23538309.6
22038222.8
34665910.2
27197395.2
29394106.8
38667490.8
19557697.6
22233996.6
22823784.2
41420784.8
30525750.4
18555134.2
16334610.2
15789296.8
22131171.4
26388493.4
65206906.2
87488952.4
82642185.0
91770641.4
81818061.2
75633822.8
30619560.4
33152654.6
34805138.4
34701770.4
32166859.0
27805944.8
26997491.4
25283860.0
26431941.0
29850766.8
30237653.4
28726604.4
28845548.4
21315012.6
22309575.6
19222766.4
27122335.4
28548648.6
32301520.6
25930618.0
33222888.2
28147967.8
25662994.0
26039874.2
25409978.4
23744243.2
24770040.8
24446992.2
26728770.0
27992597.2
25552121.2
25190109.0
21754385.6
21966537.8
32158292.2
40231226.8
47279685.4
61571456.0
36516327.2
27367881.6
24955678.4
23159919.0
34591062.8
39823772.8
23867447.0
19669148.6
20390506.2
24757698.0
25154343.2
23020053.6
24492504.8
31755853.2
25357905.0
27484418.4
27813449.6
28421149.6
25522102.0
34842933.8
25429224.2
27727262.4
31314663.0
26108314.2
25223420.4
29880526.4
28828025.4
22622676.8
22349141.0
26456685.6
23018425.2
22163373.6
24053721.8
20033520.8
22383738.6
26313752.2
26438065.2
25261628.8
26296772.0
22984653.6
26184849.0
21774174.2
19363516.8
21797762.4
25579721.4
23040113.6
21788204.4
30045632.0
27286001.4
29879547.0
28712243.8
27544480.4
24987585.6
30472697.6
24465140.6
21963788.4
29707078.2
35850748.2
23145405.0
29186167.2
27190232.6
31220569.8
24862753.4
27442752.6
22900956.2
28466650.4
24241778.4
26240568.6
23034827.2
23939202.8
27817178.4
24413433.0
27628024.4
25433059.2
19605003.8
19281683.8
16872241.8
22886583.8
25548640.2
24458273.0
26642264.2
36916028.6
28037744.0
30442831.8
40352755.0
59198310.8
43782366.0
44228288.0
32512528.2
28162045.2
25432398.4
25367722.6
24383166.0
22276889.6
18601720.6
21639866.6
19249764.8
30959966.8
31038661.0
32378315.0
26432424.8
19248407.8
18177227.4
18101082.0
17731954.4
17757241.8
19454058.2
23825580.6
22400022.6
24121442.0
25639807.0
23423885.0
29470087.0
27489905.4
25278679.8
26320608.0
27034224.8
39502789.2
56917996.2
43031591.0
36083680.2
39432496.6
22220308.6
21471091.2
23065306.6
37796332.2
30191326.6
26765184.8
23203095.2
28909846.6
22299970.4
21805644.8
17431762.4
12421824.6
25876397.0
21373304.6
19788564.6
31558875.8
29293181.4
41392925.0
36203721.6
32510168.2
27770096.4
28382280.4
48109839.0
38901921.4
24201127.4
19967429.0
22081351.8
20992412.4
21438794.6
19975004.6
21453249.6
22418112.0
21885979.2
19297330.6
21277984.2
21906558.4
24395178.4
24108709.8
24122810.8
23126725.6
20315245.8
18989055.6
22133083.0
23588613.0
26855820.6
23735157.2
27483344.6
27101048.2
29260342.0
25428492.6
26722516.0
31932688.0
30139819.6
41834516.4
31736241.6
29106706.0
37293664.0
43024499.2
34998623.0
48154159.8
55314600.4
49701187.0
33006440.8
30525054.2
34767779.6
38185378.2
40419979.6
34273878.8
41270688.8
37746465.4
41446048.6
34984899.6
30816655.8
34506775.4
28481730.8
33839343.8
42984214.0
32993390.0
43926573.8
33110245.4
49718025.6
28569039.0
30469417.2
25503257.4
32400546.2
27335018.6
33908480.0
43170111.2
34172528.6
23858077.8
11747324.8
13299768.2
16469142.0
12019633.4
17361989.0
22534601.6
19596614.0
16057782.2
23994462.2
25088334.0
24579352.8
24536778.4
17226241.8
23677632.2
44301058.6
34705098.0
23712513.0
24338845.2
27474600.8
32015535.8
27335113.0
30079238.4
28988116.0
28657279.4
25043128.2
28794242.0
25190710.8
29459467.0
32424205.2
38654369.2
32938118.8
33538561.8
56178655.4
74487948.4
71034253.6
75814740.4
74783066.4
81782000.4
52635221.6
31278401.6
32356555.8
30109894.8
33934947.4
28677162.4
33258972.6
36241458.0
25971446.0
29274620.0
29357786.4
22937406.4
37185434.4
30863702.4
26673994.4
22395102.0
18286979.2
22388458.6
18807205.8
25749075.0
21004129.8
18380470.6
23554747.0
31433902.0
19607352.0
21577491.8
17673119.6
16699336.4
17837611.6
20752860.6
18858181.8
20062525.2
21460223.4
20321806.6
23605439.8
33441082.0
29256861.0
20345418.4
20270677.2
21501735.8
26767863.4
23727345.6
26277715.0
29034903.0
22982659.4
24987031.0
15807598.6
21156798.2
17632810.8
18591018.0
16937271.6
13727872.2
15325379.8
27182845.8
24294559.8
18297752.6
16100698.8
24863013.0
21343427.0
23242377.4
26833719.2
22420672.6
22619986.4
21024968.6
18440308.4
17438464.8
20558561.8
12633316.0
16629999.6
22254564.0
14974530.4
21939834.4
20442060.4
18297316.0
18851219.8
17919586.2
15635932.2
13922513.2
12263810.8
15830950.8
18211046.2
10999582.4
16864182.4
20205848.0
27631765.0
25731091.8
23851635.0
25164609.2
26669250.8
26125766.4
25529724.8
30201545.4
22073434.0
29664362.2
32309273.2
38653814.6
28679805.6
30704402.4
45104567.8
29065252.6
17703728.8
16033285.4
18309222.2
19024868.6
15079090.2
20392642.0
16547718.2
17934985.2
16896207.6
23577886.8
15374916.2
19421053.6
14678303.2
16735479.8
14264536.2
14648756.0
19381004.4
23359657.6
22152399.6
21916175.4
24227453.2
22992713.0
23572081.2
29521865.4
34219469.0
26556006.2
28916549.0
31873168.8
27633428.8
14768608.6
16830092.2
19254897.8
19846207.6
25207018.4
19482071.4
23912180.8
27957303.4
36398763.8
31631339.6
41301711.0
30275920.8
27912522.4
46787165.2
38917804.2
35540396.4
24171332.4
28086242.0
23886020.2
18165061.6
16158672.2
15892853.6
15018733.2
17398061.6
17175667.0
25588654.0
18807949.2
19018909.6
19158137.8
18383998.8
21617576.4
17722160.4
25385894.6
15014780.2
15785190.4
18270825.0
16845007.4
17992120.8
18387645.0
19874763.6
22627597.4
16665175.4
22451034.0
21931609.8
17814377.4
26461877.6
23004572.0
24017932.4
21084240.0
16236056.6
20271798.2
17521241.8
17529006.2
17847476.4
17371570.6
24918614.6
22556478.8
15987088.4
12200916.8
14103655.0
26135938.0
22073622.8
18598570.0
14696321.8
22889474.8
19605877.0
18309588.0
34719730.0
23253139.0
13239293.2
12935301.6
15095917.0
15883744.0
16609833.4
14489727.4
14306886.4
16532437.2
18925748.6
16229047.4
17701722.8
20147910.0
21216907.4
22253749.8
20673529.2
24961932.4
18693040.8
21406922.8
24023030.0
33542090.0
29095708.4
35304125.0
40497989.4
22681122.2
24593831.4
22357743.2
20039196.6
20822704.8
20279963.8
23424604.8
23019097.8
17872457.0
20926556.6
23450682.8
31229054.0
30802649.2
19272951.8
22493738.2
26018563.4
23844968.0
21789419.8
17814967.4
22553139.4
29816322.6
23951970.4
30402098.2
24528471.2
28170328.8
25054196.6
29057511.8
19005611.0
22985597.6
21969169.2
67909920.4
61579397.4
62119046.8
64937217.2
63543047.2
60929583.2
75418520.0
67447561.0
37730323.0
25137717.0
29589597.4
22762436.0
26284358.4
27462258.0
34382238.2
33828841.8
25652055.4
22867420.6
24099730.0
39568397.2
25847758.4
21701875.6
21950737.6
22674703.0
26129046.8
32407024.4
28728999.8
19154798.4
19476360.2
18386972.4
26654217.6
20296790.6
22168848.8
33136099.2
28477093.4
20084839.0
20131130.4
27120459.2
34416422.8
20993321.0
27881122.6
26559239.4
24556059.6
30590626.8
25983328.6
27689065.8
22984464.8
23610124.4
26651503.6
25413353.2
25716459.8
25886486.0
30700602.8
24000114.4
28085168.2
32901680.4
22893097.4
27009385.8
29354010.4
25179760.4
22427115.4
25912269.0
23786569.8
20534914.6
35281150.4
19043123.2
18970624.0
21471893.6
23182055.8
22384434.8
20849384.6
19999690.2
28342821.2
29292025.0
19683792.4
27491144.4
26508924.2
20452928.2
22885545.4
19043618.8
20506110.8
22867184.6
26483259.2
34727494.4
22660802.6
23083537.6
20715537.2
21790599.8
33251762.8
35924203.2
31486388.4
30827842.2
35124340.2
36248986.4
31314273.6
30622793.6
26891857.8
31247615.4
25984461.4
26527308.6
27439283.4
22802851.0
34004756.2
28901905.2
28466225.6
25920647.0
28281661.8
27418598.0
27261245.0
27036832.6
26964486.8
25468223.2
20799718.4
21479304.0
28558419.0
27612177.0
28227771.2
36623671.8
34236366.6
27738460.6
32286794.2
18669263.8
19377665.0
19628391.4
20346917.0
19339315.0
30669321.0
22229548.0
25103685.8
19483983.0
21095532.6
18250422.8
19358785.0
20547882.8
26994081.2
35261385.4
21821586.6
23181831.6
25495658.2
34043106.2
29271457.6
25215667.8
32245588.6
40518108.4
35368151.8
33687867.2
23434752.8
26290093.2
23471557.0
30704296.2
26579700.6
27735640.4
27727994.0
33757982.8
21357410.0
24643721.8
22543723.0
32424818.8
26309610.4
24434625.8
27526827.6
33226664.2
31165782.4
19578725.2
18377733.0
25735953.4
22880400.6
24291633.4
30973548.6
26563216.0
22462657.0
25514609.0
22035733.0
25542657.6
27551277.2
24394753.6
41952941.2
23353757.6
20470675.4
22181663.6
25844584.2
27010636.6
26246928.8
23852791.4
22184601.8
22952026.6
19783242.8
24721578.2
30234302.2
31610489.0
25932966.2
35983262.2
30879042.4
22559145.6
30459564.2
34194217.0
37719679.4
24601631.2
38612797.8
35838653.2
34481724.0
44032903.6
27449927.0
23612283.8
24874966.4
36636439.4
37850258.2
28274617.2
28949943.0
27047299.2
29470016.2
27504726.2
32350006.8
35841650.4
20052400.8
20853042.6
20970004.2
20496340.4
29962961.2
25725239.0
29375934.8
31280348.6
31429111.2
28662542.2
30004556.2
29346352.2
28831671.6
33326716.4
25071519.0
30781763.2
33847403.2
32508964.6
28760682.8
34015683.0
32411178.0
47527249.4
40878445.0
33332356.8
28811835.8
21989052.2
27420533.2
29236612.2
24077770.2
17988569.0
27599857.8
22445594.2
28541285.4
26119819.2
60045704.2
96552520.6
77213111.2
31991770.6
26219576.4
23703710.2
32850775.2
21852290.2
33747976.4
20347176.6
20925235.0
17947882.6
18478741.0
20083198.8
24991951.6
27695024.8
25010961.4
25592135.0
26805894.8
23796399.2
28284623.6
19812318.0
21357952.8
17577150.2
20133018.4
23861405.4
27212994.8
21083532.0
15928300.8
15240821.0
19321579.6
17389483.0
24139000.4
19261210.8
18827159.6
17089444.4
15952656.0
27972726.0
16341572.2
19271040.2
18013821.0
17521454.2
18079641.4
16464268.6
21816961.0
17575651.6
15176098.0
19547278.2
18845154.6
17622509.4
23547313.0
18982542.0
17422405.0
21650297.8
24690414.4
17474950.4
22025313.6
28977649.4
23153771.2
20539976.8
15229103.6
18569931.4
23497882.8
19310546.6
18926916.8
20456456.4
15120260.4
19029270.0
19861642.0
18854807.0
18244357.6
19849346.4
14931259.8
15258108.0
14529587.8
16276530.6
21576866.4
16874908.6
22219234.8
24218449.8
26194359.8
32716809.8
41469518.8
36613559.2
23535300.6
24489838.0
22143089.4
19874091.0
17149754.2
22247106.4
30220366.4
18010410.8
19820778.6
21000212.2
24264753.0
33898367.4
22770094.2
15599741.6
14457525.2
11316141.0
13889414.2
18175551.8
17238749.8
17685804.6
17508934.4
13044439.8
17432411.4
18836033.2
22405450.6
17155323.8
21324417.2
18701784.6
18402772.6
17915774.8
24333499.8
20147320.0
53835328.8
45124734.0
73978861.0
53063184.0
40325296.4
37049191.6
31284667.4
30115712.2
38051342.0
28014757.6
21393624.2
15826915.2
17398687.0
15356944.8
20405303.4
18510766.2
19251239.8
27675130.0
33338162.4
23784693.6
16655853.4
18233242.0
19970768.4
31413606.0
22878406.4
18974683.2
18098840.0
20227713.4
20164335.6
17950891.6
28969660.8
20567636.0
23977824.2
22222444.4
19095597.8
16912774.8
20824368.6
24926355.4
68503708.2
93680872.6
37923961.0
18404235.8
20952540.2
23374136.2
19842207.4
20365797.0
20594835.0
17416693.8
20792650.2
17090895.8
15818301.2
24239064.4
32704762.0
35502400.4
51470620.6
53699593.4
44721303.8
36670234.6
34333504.2
40529814.0
40322948.2
40464949.4
39390122.8
38220613.0
34971766.2
50472553.0
50016896.0
50002193.2
44824506.6
67596170.2
49066748.2
55156055.6
50627652.2
27183447.6
21907089.4
24977237.0
31310415.0
34122001.0
44361864.0
40944902.6
42513429.4
38247505.2
42303637.2
45676903.2
42917343.4
38028261.2
34008461.4
30218761.6
37903971.8
46036815.0
45313911.6
48321436.6
53575304.0
47790837.8
60305599.2
52166041.8
65916039.0
68136303.4
50746796.8
47199858.4
33216799.4
43027213.2
27971321.8
24573736.0
30709393.8
33228387.0
35471118.6
31525446.4
26900259.4
32375329.6
35058956.4
30060500.0
21861801.0
24837831.8
30930089.2
28920997.6
28593866.2
24097216.6
26120444.6
28071916.8
24575742.0
24137324.8
28154811.8
26373118.0
33112664.4
27033033.0
33307954.4
21658085.8
35708511.0
40305696.6
37276908.0
31756655.6
26735637.6
29950240.8
26622865.0
23164072.6
28919392.8
27479969.8
29629599.4
23510048.6
34178487.6
31933584.8
26672637.4
29182273.2
29436858.2
26800584.8
31006541.4
24032647.0
30848150.0
43254906.0
26013583.8
27564422.4
44953398.0
36116743.8
36276291.6
37236823.4
37772401.8
33458522.4
26098284.2
37428844.8
39205311.2
101290633.6
72216531.0
26471931.2
25271682.4
28322171.2
29469001.4
38052746.2
33674084.8
33957308.4
24175722.0
32388545.6
39555865.6
31181216.8
29390732.0
22665487.2
22195162.8
23348129.0
26929771.2
26294246.8
24867886.4
23661808.4
25933544.4
41817064.2
59601552.2
57575032.0
66362928.6
53976008.4
62641645.2
38415159.6
32592166.4
29121078.4
37077263.8
50038608.0
28361854.6
33073134.4
27159458.2
25755258.2
26081811.4
25361150.0
27243497.8
31887187.2
25117432.8
24722132.8
33538597.2
39309871.0
31155457.4
19727830.0
23096187.2
22546602.2
19919462.0
24494817.6
32445185.6
29562280.4
27607209.2
26447056.8
31567572.4
26653238.2
23790168.8
24327776.8
20862352.8
20481614.0
20679039.8
20027809.6
22630677.2
28463311.0
26102225.4
19271960.6
18102922.8
17961535.2
21844726.4
21055507.0
24422188.6
21930170.2
22683246.2
25609764.2
18696793.2
22130428.0
36375742.0
23807927.8
24354503.8
32985967.8
26754246.2
23201006.6
28528529.6
20860925.0
23292244.2
30863159.6
20704398.0
23050438.6
23071891.0
20742512.0
20576922.6
23653996.8
39666573.2
31771193.2
37098279.6
57605830.0
56140671.2
38576843.2
28825594.6
20280825.2
21937663.2
23121014.4
23973068.8
25102824.4
18695341.8
18279616.0
18164849.2
27824305.6
27210351.6
26134002.8
23354418.4
22770731.4
27499321.8
29625009.2
23022720.4
26987485.0
22166406.2
28085368.8
41472775.6
65788233.2
70631024.0
66981071.6
24265555.4
18677110.8
19568884.0
23682812.4
22793328.4
23403376.6
25785112.2
33634377.8
76388716.0
84591332.6
84742478.8
74654245.8
92230605.4
84064911.0
81364221.4
37074443.6
27925195.6
22429322.0
29782515.6
32709069.0
35412956.4
35669818.8
26878110.8
27350063.6
30309503.6
27188922.8
30889308.4
24571989.6
24248244.8
23909195.4
33200232.2
26126262.0
34023176.0
37673329.0
32524670.4
21270703.6
31146406.8
26699352.6
31365237.8
45364486.4
35908167.0
29708258.2
27937160.8
24979113.2
24411804.6
41942179.6
63680399.2
44475486.2
53606385.2
25433023.8
26781622.2
25760119.8
26547675.4
20592569.4
21012378.0
22131206.8
25979127.8
34799262.0
29180951.6
29009863.4
24532978.8
24246404.0
25506113.0
23440287.0
22303770.0
28381253.8
23821580.4
25667808.4
27877736.0
35276890.6
28470992.8
24774241.6
23224311.6
24975042.2
27111160.8
23424734.6
26706656.8
21212812.8
27212227.8
30109765.0
26334248.8
30440365.6
32467015.6
34780972.0
38693816.6
37836145.4
31556150.0
27194563.2
34441958.0
41840381.0
34427396.8
36083078.4
33533983.4
32407756.0
29019362.4
37839402.2
59746137.6
51142509.8
30196436.0
55777998.2
61757282.4
71477284.6
58847001.2
78149075.4
51059296.2
43473300.4
55162109.0
73749185.8
46359344.4
46672020.8
43945760.6
35375279.0
41460798.6
44447060.0
63374295.4
70136887.2
44627670.8
23328954.0
61389323.0
81929063.8
57150031.4
47964675.4
60954233.4
60051226.6
42086375.6
45234013.8
44419778.4
45252079.6
44061388.8
35213194.2
58655097.8
42094966.0
32821617.4
58165598.4
48704417.4
57410740.6
51980699.2
43813789.4
35987404.0
50890308.4
51490444.6
44694718.4
53663874.8
62991066.8
78927733.8
68142097.2
75990218.2
49839518.4
41629503.2
46428752.0
65482459.8
57749742.8
54777311.0
59089703.6
66964362.8
66993957.2
61268396.6
50785902.0
40219981.4
34198901.6
42551401.8
56901889.2
35696368.8
59874415.4
43650005.4
37536142.2
34598213.6
46723162.0
48831538.8
39367207.2
40543372.2
29182155.2
44417701.6
52324539.4
65123704.4
60427587.6
53582218.8
66218980.4
71617209.0
73796126.2
70450861.6
65875128.4
45308873.0
65060940.2
60322237.2
31975699.0
42394650.6
32925728.8
36654033.2
37868760.6
36140072.4
48871493.6
59227397.8
30268770.0
37517344.8
37290914.6
25969735.0
34445250.2
35658467.2
34577044.4
45115931.2
38514114.4
19569639.2
35669287.8
49841312.0
43932119.8
56874076.6
52640378.2
32456844.0
37428809.4
55176823.6
67585892.4
32275194.8
29854708.0
27677891.2
39847372.8
55906783.4
68289314.0
50532473.4
33354894.8
38606107.2
52486411.8
39957266.2
32957954.6
48061789.4
45226450.0
63353680.8
30277797.0
35502542.0
42725782.2
31472358.2
35804126.4
39065056.4
49786276.8
57894906.4
73011662.2
56325919.4
70274085.8
25083260.0
29520850.6
37567542.0
55502704.2
37301522.8
29916127.0
31020111.4
38235233.2
39435092.6
31174597.0
37437034.0
34392539.6
37625609.8
30450584.4
33961214.2
25612254.0
27979074.4
24017991.4
26297975.6
23346618.6
22697901.8
21783814.8
23488419.2
22817719.0
27571242.8
30994670.6
20016210.2
23376744.0
31969563.0
33171204.2
29428928.6
30106638.0
32954461.8
22752441.4
30154900.0
33406649.6
36549438.0
27199413.0
31610087.8
24995255.6
28046181.0
28870800.4
27033127.4
28872358.0
24538064.6
31289222.2
33502005.4
36162716.6
32177868.4
35841154.8
39966659.0
38789148.8
38945487.0
40233586.8
32420193.2
27973504.8
27164567.6
21219503.4
26658335.8
36281342.0
32650765.2
29211324.8
20552496.6
23462718.8
32549969.6
28153797.0
33569053.0
26572113.2
26203599.2
31563678.4
34197426.6
28950816.2
29347485.0
40286332.8
31126217.0
32800967.4
41075221.8
27321838.0
22021171.8
23600165.2
21608478.6
29596783.6
26861803.2
27931001.2
28359718.8
26338131.0
27940936.8
33299128.0
37450155.6
40354442.4
43657864.2
46226913.0
38151004.8
45412831.0
39943873.2
38881389.4
49948255.4
44886492.0
46103768.2
38417637.6
45049190.4
37990524.8
42068604.8
46316427.8
37463749.2
30740888.0
29421577.2
27483981.8
26193581.0
27314557.4
27190822.6
31092292.0
30137011.2
35123809.2
33588015.6
26958350.8
16463513.4
15380934.2
16153492.0
15377429.6
21095780.4
17576725.4
62483194.8
86910504.6
29573844.4
24069097.2
23493764.6
26976971.2
24849738.0
23544551.8
22226102.4
17943646.4
16206155.4
20495785.8
20043869.4
34582012.2
24324744.2
33701331.0
26617614.0
20264140.0
21622013.2
39400471.4
31630029.8
21337385.4
30473476.4
26966669.8
28920915.0
20810786.8
26274481.8
20023384.6
22132646.4
27448027.2
31677465.8
24694202.2
23096387.8
47403384.8
73555111.2
49980174.4
32069320.2
25429059.0
30265973.4
28070241.2
25999423.8
31659022.4
29115449.8
28234178.6
33746053.0
33637351.4
25718595.6
26084478.2
30128373.6
29361196.6
26087451.8
31971144.2
25476329.8
25769772.2
25259091.8
24152287.2
23076776.2
21511706.8
23891176.8
31948901.2
23022791.2
19298911.8
25095992.2
16951018.6
18496665.2
19392308.8
24779115.0
28077120.6
26812207.8
19775608.2
19960337.2
25905236.2
34514882.0
26679587.6
24485731.6
22250257.0
28168594.2
31973669.4
24540448.2
19824896.8
21306788.0
21894097.6
24708433.0
32593547.0
21641790.0
20545440.2
22128728.8
17323615.4
20364758.6
24928998.6
24253271.6
18664213.4
19189514.0
24579754.0
24328178.0
21660870.6
23739110.2
25547967.6
26705677.4
25968684.8
30613979.0
25494844.0
24100414.4
25229013.6
26844056.0
17743848.8
15607222.8
16309912.8
14120623.4
13361104.6
15833948.0
16570952.4
20113985.0
22043403.0
23951710.8
17824596.2
16101218.0
18539865.0
18882666.8
16345383.6
17101173.6
16954157.4
20156004.8
19507170.0
25469367.8
45063303.2
23316221.8
21766209.2
20342905.0
19958697.0
22225394.4
20524035.0
22732062.8
20463878.6
23631388.0
28128014.0
33045817.4
26980652.8
23376909.2
18653204.0
24936692.2
31590971.8
28544790.0
24005400.8
23489091.8
17412139.0
14814959.0
22344055.2
26399715.2
17547013.0
15334300.6
14184190.0
13966114.2
17092087.6
17486620.6
19055973.4
71246346.8
78759395.0
74123812.2
54701625.8
24892595.6
19539124.4
24588604.0
20335494.6
17347805.4
16655051.0
18668308.0
17185036.2
26153083.4
17887690.8
19921550.6
17305596.8
13641956.4
20157810.2
56159633.8
46280142.8
35700664.0
15977329.8
17084311.4
16016576.6
14591254.6
15198400.0
20366092.0
24934816.0
24068755.0
25505841.6
20637197.0
24799234.0
36526711.2
41848322.4
33880219.0
36004077.4
30003907.2
21540758.4
18934775.6
23035641.4
16933778.8
23885890.4
25510479.0
17164988.0
32271159.2
25702288.0
22593613.4
21783024.2
23767984.8
25257852.8
24381655.6
27121238.0
23740077.8
21723587.6
24046488.4
25320192.2
25191831.8
26436472.2
29236494.2
26896282.8
22070991.4
21888185.8
21702005.4
26089764.6
20781806.0
17635029.2
23113969.8
16311564.8
19169572.0
18091665.6
15525071.2
15738474.2
22962493.2
25665259.6
26717666.2
25169470.8
22285692.4
22013018.0
23607764.4
20130528.6
16724635.6
18199399.6
17120136.2
18354982.6
20071257.2
21859995.6
29856938.2
46122164.4
40719735.0
35710611.4
45171662.6
29110800.6
27377722.8
22290447.8
19218542.0
17557987.0
31267368.6
19932111.6
19508633.2
23875848.6
29884278.8
28685658.4
31955332.2
22084195.6
21145694.4
23154467.4
22463601.0
23569874.6
32767986.4
30741714.0
26435492.8
24451405.4
20873621.8
15809250.6
20476327.6
27557873.4
29812393.2
35376695.0
25805892.0
22770943.8
29590694.8
37014664.8
43028534.8
31810499.0
24593536.4
24928184.4
26774235.4
25942429.8
27977398.8
28417668.6
31683023.6
25994821.8
31619516.0
24427003.0
35166194.8
34131582.6
74187048.4
67175736.2
36967618.2
38806577.4
46745334.2
44878373.6
40143529.2
47910985.4
38662098.2
35492771.6
42597138.6
45131908.4
53937929.8
55710997.8
44703580.2
33118080.6
31877263.4
41189150.8
37841089.6
41257767.8
40331574.0
41487938.6
29045428.6
43082590.6
31133013.8
23401276.2
22808810.0
20302218.6
21456612.6
24702072.8
26541315.2
29055718.2
21233628.0
23662457.4
23540126.8
22321080.6
21456506.4
22340102.2
27084528.2
26554413.2
24769155.8
23794936.0
25181223.6
34348502.0
29723409.4
24671652.4
28118845.4
32161395.6
26432059.0
30793457.0
29691006.6
46411583.0
29121633.0
50049487.6
39897393.0
34670040.2
37575011.4
27660498.0
30166027.4
60926220.2
25057111.2
23320281.0
25309961.6
32569805.4
35675412.0
33550715.8
29050349.2
40230400.8
38382249.4
42948271.2
64446620.4
26842404.0
34391442.2
27353414.8
26413910.6
28662648.4
35215790.2
26568667.6
31556775.4
25411642.2
39804338.2
30886393.8
42162001.8
36855176.0
37494110.6
40349085.2
43348881.2
51962928.4
26925924.4
27160779.8
30520959.6
25440375.2
31960087.6
33260577.4
39209818.8
43401627.2
34477440.6
33028070.2
34948709.0
35782272.8
29571838.4
28141454.2
27532338.2
31885535.2
36410127.2
41070796.8
40823787.4
47020533.8
42058338.8
26695541.2
22376198.4
24317274.8
22059722.4
29106540.8
37889245.4
47716521.4
31700983.2
27782144.2
32920100.2
38789408.4
36364284.2
35734482.8
33313866.2
25959174.0
60008215.6
32152651.8
33624819.8
20413091.4
22699011.0
18706245.0
19466814.0
20860972.2
24805417.2
26104125.2
27512313.6
30328159.4
31584352.0
29049806.4
23434469.6
23812836.6
26546389.2
29765452.8
34836974.8
44838135.6
46602117.6
54016470.6
41979774.4
28436725.6
32855105.8
27093460.8
25944388.6
29909802.2
29770845.4
39744901.6
43351701.4
37834882.8
19077071.8
21884398.0
22730375.4
19947546.0
20689282.2
24870034.0
32182293.4
33034949.6
45347046.0
29170072.0
27010082.0
32184051.6
29346234.2
36789686.0
33138589.0
24677469.8
25663112.0
33951066.2
28019772.6
27606902.4
24897858.4
31627776.0
39774142.0
25904563.6
18695424.4
20705129.6
19852567.8
16526537.2
24355530.4
20823873.0
26038812.2
28017094.0
19677349.6
17785467.4
19801768.8
18421416.6
23774120.8
23274225.6
20813795.8
18541104.0
22386960.0
25133728.6
26349919.2
27302261.8
28161939.0
21470701.8
22377319.4
25323803.0
27386879.6
21875748.6
22075888.4
19867258.8
18822829.0
24294878.4
31269799.4
21457297.0
21415831.8
21890911.6
23764409.4
20800780.4
26069102.8
21786068.6
21382308.0
20721201.2
24109937.0
24369596.0
20947643.2
29190332.6
16851544.6
21420174.2
31578192.4
32531195.8
25956601.6
26973549.2
33085441.8
31490506.6
30825376.0
26999532.8
28184441.6
23938943.2
28431651.6
23260974.2
28498569.4
29554598.6
25346824.8
27553519.2
31265409.8
27479025.8
40473268.4
55161153.2
52185830.4
54536355.0
31169995.0
23002896.4
24737543.6
21382060.2
26136716.8
29892597.8
33244234.4
34114425.4
38677143.2
30566354.2
40668440.4
32332236.0
36965423.4
43566555.8
32354856.6
27410609.4
27793082.8
32284363.4
28184536.0
26003860.6
33569182.8
33960317.4
29116264.0
32765602.8
33319459.4
24287786.6
30572749.8
26732817.4
23564635.4
41615626.4
44327927.2
29494229.8
33405198.2
28841701.6
29241285.0
34546683.0
32409655.8
27134111.8
25729746.6
32390787.6
32467346.0
34114390.0
34781609.2
32260362.2
26812998.4
24841537.0
29448740.8
27975699.6
27299028.6
22292843.2
25777395.0
22962363.4
29036684.8
25187135.4
24419722.4
22837460.4
30500557.4
26419397.6
26976817.8
22975638.4
18110132.6
12558091.0
16434225.8
21600077.0
21709793.4
26184813.6
24334998.4
23845251.2
21429460.8
20302277.6
24346833.8
45031868.0
26309634.0
22166996.2
22885521.8
26211906.4
26138121.0
27526686.0
36507430.0
25105939.6
26785834.8
25174969.6
20754453.6
25950371.2
25774114.6
21636987.4
23497410.8
26197368.8
24430401.4
20323753.6
17527460.4
16949236.8
18375042.6
20119365.8
28042534.8
24725873.4
33075140.4
38218158.6
31998638.2
21170285.6
24611283.6
24062217.8
31752997.6
34580183.2
40344707.4
36356814.8
38433827.2
43754577.0
41554785.6
38664611.6
39214621.4
36169466.2
35330887.4
35907034.2
36781390.6
38454253.0
39534436.8
41024009.8
38311036.4
41020540.6
44765247.0
45062784.0
58662614.4
47634251.8
35597555.6
24601418.8
23809556.2
25310421.8
28494876.0
29876514.4
32792754.6
42057241.4
42681402.4
38029630.0
37542632.2
31253397.4
47552595.8
24437481.4
24579541.6
25893448.0
33792214.6
19458683.8
25140501.8
26304866.8
26433368.8
27201737.6
21199537.8
23961422.2
29158425.4
21814353.2
39832552.0
21738196.0
19690081.8
34383087.8
62444361.0
55023612.4
24690674.0
31952464.8
46082540.0
38400810.8
31889795.0
26455198.8
24952185.6
20956162.8
29312804.8
31378418.4
20892171.4
21157553.4
29905271.0
26178795.6
23559526.0
31372176.2
19341108.6
25794575.8
30133400.4
30010869.2
24900537.0
23707675.0
19064044.6
19506509.2
23868815.8
29698723.8
26667303.8
25891489.2
24176394.6
28430282.8
27356471.0
25389234.0
22800998.4
27703355.6
26371902.6
20873669.0
32096814.2
27744608.4
22526801.8
26278482.0
21635182.0
22805234.6
23227367.8
33707030.4
40957882.6
36149229.2
33875640.6
45897150.2
36894446.4
23328741.6
25072522.0
23228064.0
21849139.6
22573647.8
25029640.8
19851682.8
24658790.4
19347551.4
23096718.2
22660849.8
19540965.2
18858181.8
26709087.6
18252936.2
19788918.6
23083667.4
26837849.2
20520624.8
23994120.0
31554273.8
30608043.6
16599791.6
20161267.6
28151838.2
37575306.4
35920840.2
39596068.2
44454600.2
30031365.8
27195861.2
19931557.0
22677110.2
19236666.8
26958681.2
23496266.2
27693856.6
22074850.0
22234586.6
24974062.8
29153670.0
25699845.4
20815518.6
22415386.2
25724389.4
21957888.4
22820326.8
17785125.2
23120424.4
24893586.8
26693983.6
24499738.2
26543722.4
31738707.8
30866050.6
24723124.0
29194450.8
24281320.2
33584924.0
30603406.2
28932443.6
35314107.8
30468225.4
27377357.0
17328311.8
25792746.8
23838926.4
25053264.4
17941168.4
18871445.0
21895938.4
16718782.8
17949924.0
24404453.2
16553571.0
23725917.8
23807208.0
16805394.8
21579686.6
21270951.4
26865154.4
26559605.2
18251331.4
19587716.8
18515167.6
16311081.0
25121515.6
29148855.6
19994923.0
18248747.2
18749775.2
18933513.0
16624099.6
21949557.6
19185171.6
23494106.8
28874552.8
18391822.2
21531436.4
24404712.8
20240693.4
16468965.0
26278305.0
26396116.2
24612003.4
39999380.4
33778113.6
18115053.2
24359554.2
19229704.8
24272989.4
25434947.2
24423533.8
22900012.2
28460809.4
26887727.8
29609905.2
20756754.6
35264913.6
20477861.6
24620570.2
28043561.4
30771296.6
37447323.6
26957465.8
20762607.4
27589497.4
27718353.4
25884515.4
26775262.0
30178889.4
29541300.0
22549316.2
24289426.8
35895010.0
25075377.6
23625960.0
29744519.6
31118016.0
27425772.4
27209407.6
28909115.0
30250114.2
32781285.0
33277144.6
27838548.2
25173388.4
22472875.8
22842404.6
18547617.6
19801993.0
22095535.4
21746208.2
30836137.6
28906141.4
39884472.0
17691362.4
16456669.4
37355437.0
35784078.2
39754164.6
44069507.2
41027962.8
39167622.0
48504596.2
36935852.6
38351286.2
49733165.0
45179356.2
42133327.8
39147385.0
40177690.2
32595694.6
38007729.2
44317519.6
42215054.6
47624328.0
34969288.2
37666508.6
39515486.0
39057362.8
32856392.0
35445229.4
28260598.8
28016964.2
34024686.4
35176354.6
39322166.6
32511466.2
36839482.0
32331634.2
36520150.4
40147210.8
35748111.8
34360502.6
37980553.8
35210492.0
31596506.0
31768491.0
32400735.0
38609777.0
37705000.2
37537050.8
37222982.0
46218487.8
38193897.8
46201318.8
47071686.8
39850653.2
43318791.2
47180246.8
23204381.4
36869253.4
37275031.8
41479773.0
37212338.4
41831271.4
36177962.2
39451518.2
44747889.2
45439605.2
38884044.4
44319820.6
32601358.6
40943840.6
43888766.6
42014867.6
39079924.4
39244298.4
36776824.0
38115156.4
42429755.6
47386888.4
36858291.2
38272969.6
36150314.8
38810011.2
44160815.6
46494053.2
52725409.0
39467460.0
36653360.6
46771660.0
55478644.0
39338486.0
37215854.8
33073075.4
1534000.0
