22798343.4
25981051.2
21081797.4
20039137.6
18950363.4
21768061.8
17203196.4
29552746.0
28650765.8
17474171.6
20393692.2
15800554.0
24886471.4
17373010.2
21012106.6
23077696.6
22099925.0
17915173.0
25773489.2
21673532.0
17718018.6
22804573.8
19871223.6
19866279.4
23514320.2
27948512.4
29008211.4
20824109.0
27080433.6
22032771.2
23201443.2
24114232.2
20438367.0
20186850.0
19607859.4
25825893.0
24342904.4
17922076.0
22068879.2
24689576.6
26936131.4
29698499.6
28103552.6
21098978.2
24278747.8
18856872.0
20254216.2
18769457.6
31111172.0
17988191.4
25024531.4
18844635.4
19843835.8
19929338.6
15162115.0
15890788.6
20566621.2
26850699.4
29865434.2
21390792.2
27094817.8
34957346.6
27060515.2
19645100.2
22765893.4
22674490.6
19217232.2
24422589.8
23773637.0
22243059.0
22760961.0
24572320.0
28708196.4
25705521.2
24511219.6
25274844.8
27327832.4
18616081.2
23668062.4
23544127.0
25527565.4
23221597.6
22826722.4
20732694.4
23091266.6
21860326.0
23012761.2
24927346.6
24980777.0
23766309.2
21023210.4
24733590.6
19830596.2
16954299.0
22461866.4
20451075.6
20270523.8
20932775.2
24289662.8
19614561.8
13685699.0
22669334.0
24137419.2
27326794.0
23715109.0
26202041.6
21422605.0
20857703.6
23896911.6
29407547.0
25318351.4
27038992.0
24711088.0
22647114.6
22058105.8
28454508.2
29156030.0
28356332.2
26864694.2
24518299.6
24430944.2
18970022.2
20573630.4
19793886.4
23637111.0
30283579.0
31091194.6
27466093.0
31589201.8
28880004.4
30095982.6
28143731.6
34870380.6
33902886.8
34390014.4
25879276.2
27259003.0
21568653.6
24166813.0
20192372.4
19690424.0
18047085.2
20909824.2
22596268.4
20704693.0
21288120.4
16346846.8
20711643.2
14489491.4
15033636.6
18660874.0
16608405.6
22669263.2
21075673.2
26674136.0
24745119.2
25476058.4
30507448.6
21571721.6
20644135.4
16718594.0
22677157.4
19294439.6
21100925.2
22095216.8
22092821.4
26482350.6
25163122.4
23176970.0
20857715.4
23227096.4
20906484.8
21830908.6
20282984.6
23470837.2
27438964.8
19862137.6
20808733.6
21638379.8
21921391.0
21841221.8
25635523.6
23007404.0
25680375.4
21269252.2
22169899.0
19846785.8
25538445.0
21892186.0
21582377.0
24045414.6
26555947.2
17781644.2
21249723.2
18047392.0
26529727.6
24614021.2
29599108.2
25483905.4
29067459.2
26066837.2
25021038.6
20818858.0
18927211.8
15740138.0
24059657.2
23937114.2
21647218.0
23684228.4
27221231.2
27400673.8
27249515.8
27122134.8
26470822.0
26433581.2
23678529.0
23904841.2
23984951.4
24495608.2
25031623.2
26010209.0
25796511.0
26520830.4
24548861.6
24494192.2
25507540.8
27916923.8
26453051.2
30260616.2
24656383.2
25869753.6
23884285.6
30592691.8
36534676.2
30597695.0
24999668.8
29725356.4
27116459.0
25092145.4
28345665.0
21643654.4
25465202.4
23099090.0
24472374.0
27793944.2
26147466.6
23967452.0
22357294.8
25579190.4
24843991.4
25888008.2
24465860.4
24981319.8
19595292.4
20644465.8
22377118.8
24772330.0
21151924.8
21592702.0
18958033.4
25504614.4
29927927.0
25259162.6
31931390.0
17622143.6
21214264.2
21347250.2
20417009.0
19991807.8
22557859.4
26969773.2
16831272.2
18897228.0
18691294.4
20084591.2
23322959.6
16720529.2
23360401.0
28142020.6
19166232.6
25867169.4
18767227.4
22283993.2
19363398.8
20211464.8
19674281.6
14787205.4
16919949.2
26921688.2
24055362.0
18829366.2
27313637.0
19626727.6
22723555.0
24989284.8
29803696.6
28606067.4
24830303.4
26847395.4
28230910.0
22119690.0
22941324.0
16506666.0
17935539.8
18759309.6
18395161.6
13115204.4
15844131.4
14284655.2
17279341.8
16847603.4
25947527.4
17259364.4
18256145.8
17083332.0
17630852.0
18376352.4
16459949.8
20562432.2
23086806.2
18832033.0
21175123.6
15635306.8
18752713.4
20281226.4
23509553.0
21758338.6
27198185.8
26285373.2
25001002.2
28556755.2
23640592.0
24738393.2
31988667.2
28915605.0
20166176.4
25243740.0
19304670.2
24775964.4
26163007.2
24474863.8
20542749.8
30288948.0
24187628.2
22375738.2
17898464.2
22722929.6
22813895.8
26554189.0
22521173.2
16725591.4
24998571.4
20221353.2
24892241.6
19824885.0
20312590.8
18952581.8
19977482.6
22711047.0
18237029.8
20095317.4
23102394.0
24418707.6
24508139.8
20783682.2
22746506.0
20194885.8
19069838.4
20709247.8
21465014.2
22306802.6
22772572.2
26503626.0
20988813.4
20379626.6
18443282.0
16173563.8
16559518.2
21756368.0
23557661.6
21044108.2
21073985.8
26844516.2
19983217.4
26779510.0
23332588.4
19724573.2
17136007.2
20661233.6
26057373.6
24165656.6
19071478.6
22624930.6
22515438.4
21816524.4
18269928.2
16756719.8
25327897.6
29581325.6
21640775.2
20854045.6
18897865.2
19700937.8
20882271.2
22472970.2
22454692.0
25100051.4
21561856.8
25470772.0
25722466.0
27252135.4
22355985.0
21708967.4
23408781.0
19177466.2
19519288.6
19753577.6
20907818.2
18682869.2
18534236.4
17970975.2
16287941.2
15606798.0
17453651.4
16783376.0
17967683.0
20124333.6
26355288.2
22404683.6
17861518.4
26408659.6
19064776.2
17690017.2
23680275.4
22255779.4
19918164.0
27790734.6
22630618.2
26390062.8
25862838.8
23638291.0
20182330.6
17605352.2
18052312.6
18703554.6
15593051.0
19295324.6
13534434.8
19838030.2
28066783.8
17275648.4
21337656.8
15911757.2
17785762.4
17586094.6
18358605.2
17952803.2
18358805.8
15424145.8
12806681.6
17483257.6
16183806.2
15226259.8
14554993.2
15250733.0
18529363.0
20844605.6
19469008.8
20958121.6
21419076.8
17287271.4
18595891.4
15714579.2
14342298.2
15859247.2
22133425.2
23949681.2
22559487.8
25759942.8
21860113.6
25447467.0
23454211.0
29309984.6
27869251.8
20613361.0
21904776.6
22939034.8
18652496.0
22882029.0
18086910.2
16713071.6
16098964.2
17639784.6
23108117.0
22733809.2
23687898.2
25493888.2
23634515.0
40263122.2
27470211.2
23220748.0
24235795.8
22564243.2
29805419.4
36976255.8
29384631.4
24028104.0
25120559.8
19125440.0
26132421.6
32885833.0
27273965.4
26697051.6
27385416.4
26560242.4
20543634.8
19527690.2
24104261.2
21325443.8
20760802.0
24931476.6
19836177.6
18505385.4
24818090.4
26278505.6
20227383.0
25106305.4
29030419.0
23714814.0
24144699.8
23938376.8
25428823.0
21327426.2
21996002.4
23056090.8
28580957.0
35901087.0
25386638.0
25515871.6
26948474.2
26803971.4
33508519.0
23070026.6
27618029.8
27892356.2
20339388.6
27401735.8
25875382.2
30347877.2
21938619.0
21516285.2
29603415.2
28673622.4
26065102.6
22847242.6
18825566.6
26304678.0
24212113.2
28726356.6
29786256.2
27661170.6
32161136.0
19717741.0
26278836.0
26437652.2
26604822.8
24758181.8
25611770.2
22262352.0
19397347.4
26883066.8
26049255.2
21994846.0
24326065.8
24559941.8
19884722.8
23809190.4
20470781.6
22815606.8
22810839.6
27784999.8
24276694.6
23469008.2
20429882.8
22457583.0
25004648.4
26199858.6
28223133.8
22751686.2
25312321.6
30468013.0
29865457.8
23416073.4
22570214.0
25393588.2
30549645.4
30736581.0
23817214.4
25383817.8
23441939.0
25019197.8
25396845.0
23155848.0
22262517.2
27399895.0
21238088.4
27199778.8
25995116.8
26569800.4
26657144.0
28573877.0
25053889.8
24670330.8
26108644.6
25546929.2
29117880.6
26506705.8
19405996.8
23445656.0
22805683.0
28504091.8
24964268.8
23738272.4
24495407.6
23710601.4
29088309.8
21589704.8
28067786.8
24632228.6
28142858.4
22382015.8
21565396.8
24447122.0
21837434.0
23042709.6
30278870.8
25523765.8
17960886.2
23931473.8
26102756.4
22986152.2
29388796.8
25089301.6
22201558.4
22649923.0
24611850.0
33554208.6
24859225.2
27423919.8
26939577.0
29809490.4
28724515.8
26182937.4
26878205.2
21342896.0
21750043.2
28476161.2
35410962.2
47595241.0
30854097.2
30405768.0
28271183.4
24556590.6
26257454.4
28140592.8
29505616.8
26991107.6
37137019.0
28705718.4
32777166.8
30982386.8
33940564.2
31059960.0
30230254.8
26560018.2
26682160.0
27286591.4
27812352.2
32737754.8
32482190.4
32589228.2
27066332.6
31804445.6
26437793.8
29131344.4
30550294.4
34718302.2
27758367.2
32790524.4
29854660.8
25990031.0
24665103.4
24230261.6
22977290.4
22470633.8
29335873.8
21407571.8
20728033.4
21381718.0
27775229.4
35402631.4
44362536.6
38568842.8
48935001.2
38226288.8
43741549.8
43129731.6
45212655.8
45877161.0
38137965.8
27032702.6
26342886.4
31771924.8
25441803.0
22049963.8
23546900.0
21019222.0
19625323.4
23083667.4
28491713.6
27372106.0
26705594.8
28287715.2
30822272.6
46029628.8
28813877.2
27181418.0
25053889.8
23761140.8
29881612.0
25719150.2
32768163.4
32834821.6
29183417.8
28234709.6
29755540.8
35715024.6
39286259.2
32595175.4
30828597.4
23802016.0
23095467.4
25315366.0
33898438.2
34707281.0
26155549.6
27497032.6
27620354.4
28229800.8
26531226.2
34288735.0
24782902.8
27357922.4
24421055.8
29765523.6
23407612.8
22039497.2
28587045.8
27965056.0
32033153.2
23323726.6
21954395.6
21191808.8
16326845.8
17301997.8
18339477.4
18875539.6
17769254.2
21432222.0
20684220.0
21354176.8
21778799.8
22131560.8
29014288.4
26238444.6
19346985.0
21721971.0
17539543.6
20383674.0
22239200.4
26384646.6
25248955.6
21968060.0
20687901.6
23516397.0
27246731.0
23678104.2
30383631.2
32435273.6
26142734.8
26245206.0
22795263.6
24404665.6
15936655.2
16452374.2
16307883.2
17701557.6
26188601.4
29778893.0
29949639.0
28161160.2
22095783.2
33000741.4
25238512.6
23123999.8
23605487.0
26576361.2
25756674.2
23985576.8
22394606.4
21928659.8
17551154.8
22635892.8
23187873.2
26177686.4
20642035.0
20550160.2
23116636.6
26035661.6
21972732.8
25729357.2
19907178.2
22330685.8
27795442.8
29990396.2
26071722.4
26968770.2
29709131.4
33514784.8
31606972.6
28811434.6
27013728.2
25154024.6
21826507.2
22982187.4
25316192.0
28084660.8
29287175.2
23193077.0
28572826.8
33431866.2
22285739.6
22278152.2
21120076.6
28252079.2
23605109.4
21479315.8
28355848.4
21439656.0
22669109.8
22425817.4
23313814.6
24063515.8
25620632.0
27629605.6
26937547.4
29378176.8
29603899.0
28255194.4
31967262.0
24310596.0
22865627.0
22229666.0
26297751.4
24009920.2
29508295.4
31653004.4
29051470.2
27120541.8
34155064.6
26985514.4
29722854.8
24988694.8
29348853.8
26970752.6
29935868.4
27837450.8
24995243.8
25039139.8
24413503.8
25292084.6
25913980.0
36175991.6
33639959.2
30211481.0
30294187.2
25439667.2
26387903.4
26310058.8
30230101.4
30758859.4
29656975.4
28934945.2
30225582.0
31063936.6
33737226.6
29166921.4
25610684.6
24374268.8
25192469.0
25796463.8
26283957.2
26471294.0
28888783.6
30398794.2
24279833.4
25018017.8
26338603.0
28563516.6
30592054.6
30115169.4
31051357.8
28101416.8
32503265.2
32412912.6
27027852.8
33046667.0
27407765.6
32195568.4
40663118.6
33583142.2
32653019.0
27342983.6
34486113.6
25695975.0
32996092.2
31228239.8
29616466.0
27493044.2
39560644.6
36380544.6
36750250.4
40680110.6
33991174.4
37095223.4
39316986.4
29730111.8
31347101.2
28931192.8
27065223.4
26462479.4
23992633.2
21743364.4
25965805.6
27867033.4
36798016.8
30469830.2
29154779.2
33326374.2
28960692.8
32031701.8
32207628.0
35457867.2
33786668.6
44542758.0
32017978.4
29194804.8
34582448.8
32677869.8
32258851.8
31209371.6
32578808.8
31542827.8
30921286.4
30966810.8
27453974.4
31625628.4
25323732.2
35041433.4
37698168.0
44523866.2
35279911.4
33210403.8
33442934.6
37540461.0
32699357.6
32365028.2
36790476.6
33178980.4
35115136.2
33259586.2
35348044.6
36635070.6
41984164.0
42891324.4
40509317.4
48838241.2
43006586.8
41348828.4
36736456.2
40744609.4
41614139.6
40417242.0
31259026.0
32893219.8
35008771.0
44017787.8
45816001.6
35630560.2
29552875.8
32210896.6
35026187.8
43818615.6
48494436.4
30347535.0
48526839.2
58183546.2
63432705.4
38961428.8
47425722.2
47686325.2
47884636.0
63566328.6
48158573.0
49250710.2
50242228.8
46880703.8
51540818.8
44072351.0
38675019.2
47257194.6
46326800.0
36010980.4
38380184.4
33242370.0
39910974.8
44444924.2
47787463.0
47058270.2
49603955.0
45427427.6
45463110.8
50466487.8
47372539.6
60349353.6
53210955.4
43324573.2
44106264.2
41866813.0
38992167.8
44271476.0
45351754.2
45788519.4
42659183.0
41327800.8
42533737.2
27299925.4
25183961.2
29404479.0
31842394.4
38863524.2
36490508.8
20068484.2
17399477.6
20594280.4
26365200.2
27105260.8
20427794.2
29662226.4
28381867.4
24199404.6
23436617.2
30564395.4
24438413.6
30811298.6
27652332.4
30032404.2
29259858.2
27002022.6
28501413.2
25759883.8
27213396.0
34791226.2
40610939.0
31124281.8
30313138.0
33638590.4
32653550.0
45147779.4
35232440.0
36879613.8
33043032.6
32772529.4
26505195.4
30205911.4
30339050.8
24568709.2
22232415.4
33287245.4
25355651.2
35198562.2
21568158.0
24917670.6
27579974.8
37327176.0
41470285.8
34293632.0
35615102.2
33195406.0
33230853.2
35785588.6
30832597.6
29420680.4
30774494.4
32324495.2
31397605.2
27992927.6
20308980.0
19922777.8
20892218.6
22882902.2
24742086.6
31255073.0
24718309.6
34520935.4
28556177.0
32064175.4
36296811.8
32134338.2
25464931.0
21236165.0
23002365.4
24487973.6
25810423.2
24641609.6
21464589.4
28792507.4
30589151.8
23560257.6
33508294.8
28325510.6
30651184.4
26854180.4
30041171.6
27644426.4
31541706.8
23638279.2
26431657.8
20616204.8
23818713.0
28881939.6
34054646.6
26791557.8
37034972.6
27816246.2
19438895.2
26179456.4
27387021.2
25406568.2
19996575.0
23674776.6
21881530.6
27754603.0
29017203.0
24138504.8
33768803.4
33527198.4
25032366.6
25846637.4
21926111.0
30337528.6
31171599.8
20188159.8
24289839.8
24923735.8
30794212.2
27648379.4
25185589.6
29708411.6
27113780.4
28993567.6
31461053.8
26528937.0
28989071.8
28698591.2
34253594.6
21681886.4
23428947.2
28801215.8
33152395.0
33135084.4
24668596.2
23078640.6
20659841.2
18193358.0
21038869.0
19929834.2
18967036.8
22531262.2
21733228.2
20909824.2
23705173.4
33166413.4
25807190.0
20257107.2
23872650.8
24215075.0
20375048.2
21815840.0
23177937.6
17493854.0
20089087.0
25260602.2
19894575.8
22189805.6
22261714.8
18279061.4
18654030.0
23902634.6
23586158.6
22614617.4
23785566.8
24364061.8
21493747.2
22733915.4
34197285.0
28898601.2
24593595.4
24674319.2
24417716.4
20154730.4
19099161.4
18283203.2
17908541.4
21022490.6
21065619.6
26266422.4
23699556.6
30509289.4
22064371.6
21140939.0
20155851.4
27887022.6
25978750.2
28514381.4
24520836.6
34282669.8
23366702.2
22828362.6
22620623.6
21843475.6
31315123.2
29619392.4
29098988.8
27253586.8
25414592.2
30297007.4
26396364.0
26881898.6
23683508.6
25081903.0
34236921.2
30436117.6
23335373.2
27643836.4
31362276.0
27343231.4
33409399.0
29638284.2
28909858.4
31377026.0
30411892.2
29613775.6
30119523.6
26900530.8
25109314.4
27328729.2
23609982.8
20104073.0
24267018.6
19779502.2
22346828.2
23309944.2
24876854.4
23733233.8
27438410.2
32420830.4
27591621.4
27276514.2
28367872.6
26542589.6
25964625.6
26168104.8
27223862.6
34913250.0
32643130.6
29507209.8
25169506.2
25256613.8
28509673.2
26520747.8
28502569.6
28058122.6
23337638.8
22020971.2
24096343.4
23434682.0
24773038.0
26552631.4
23897242.0
28523243.2
24361265.2
24614552.2
21565337.8
24728729.0
24951867.0
21735364.0
22458940.0
27471379.4
23459167.0
25294527.2
25577975.0
32834208.0
22956215.6
26908165.4
23706967.0
25880291.0
30091368.8
31078663.0
30085409.8
28960362.4
20488340.0
21064545.8
23025104.0
25049818.8
24791080.2
24944527.4
27637488.0
30087439.4
31869180.4
25022195.0
30096136.0
30826910.0
25802564.4
28630068.6
23627730.0
30936921.4
24847956.2
25104417.4
25882544.8
28902589.6
32503312.4
37094881.2
32396593.2
28271207.0
27626655.6
25116064.0
25968248.2
28756151.6
23269670.8
32232231.0
36531478.4
1940274.0
25416138.0
30251435.8
27443295.4
30073196.8
31936251.6
24949424.4
35313966.2
21587380.2
26726752.2
32520410.6
27360707.2
26608221.2
23253516.6
25881695.2
25950984.8
23541755.2
27298627.4
24142941.6
22732015.6
28589299.6
28860558.0
28625726.2
25242076.2
28429539.4
24621644.0
26236415.0
30775816.0
24822114.2
29383888.0
23945079.2
25200139.0
25654722.2
24015053.2
24487407.2
22615372.6
20660667.2
26869886.2
25012448.2
22620765.2
29237591.6
22356291.8
24816639.0
23912464.0
25028873.8
22649380.2
22569187.4
21095544.4
24695842.4
26788124.0
19297743.6
25239303.2
27916935.6
25481486.4
11778465.0
