17567745.6
15381418.0
14801341.8
15576566.4
19420829.4
19574146.8
28166352.2
19771313.0
15275064.6
21268957.2
38963529.2
34307556.0
38596336.8
34671102.2
29843675.0
25559472.6
31565165.2
18651681.8
18047285.8
19085426.2
18590192.0
16818221.4
19388875.0
20499066.2
25204835.4
19214069.8
19096789.6
19936300.6
23267440.6
22563594.2
22864883.6
22155526.6
19851612.0
22020947.6
22604575.6
31648343.4
21730325.4
19300788.0
22905239.6
31253055.2
19346123.6
22892625.4
21275352.8
16589938.6
16963090.0
24871898.4
22634653.8
20768684.4
22849248.6
22079381.2
23347137.8
17485641.2
23566429.0
22328561.8
18195824.2
19503169.8
18048548.4
18527734.6
17701298.0
15162162.2
15690589.8
17641684.4
21233297.6
16642472.2
15275996.8
22272795.0
22728558.2
20562986.8
19116094.4
17794942.8
21769123.8
18385768.8
14854736.8
20056082.4
17655773.6
17797881.0
18414549.0
18597885.6
19043736.8
23453219.8
20628677.4
22188106.4
18808598.2
15848037.2
15112543.2
15860026.0
15284481.0
17286681.4
16141054.8
13700791.2
13179443.6
14428851.2
13626675.4
16397622.2
22965018.4
17510303.2
13098094.4
14070756.6
15052552.0
12188349.8
14775901.0
16250252.0
13529136.6
13013040.0
10982437.0
13266327.0
80229061.4
81798603.0
17261984.0
41091812.6
42700058.2
29494772.6
16885918.0
12074196.6
16394176.6
16885398.8
20411309.6
18633321.0
15329734.0
15631542.6
15087196.8
16671346.8
16334279.8
20414295.0
20403380.0
14458079.8
13505890.6
15294428.4
15219321.4
16401280.2
13970834.2
13869495.8
18859444.4
15295148.2
16069015.8
15750215.2
13302045.6
15021482.6
21126814.4
16903712.4
16540520.2
16550904.2
14014470.6
13416187.0
15159837.6
16338834.6
15875106.4
15153630.8
19554228.4
16387686.6
14959745.0
16583283.4
16484458.4
16643935.4
17520345.0
16823767.4
15514651.8
17340253.4
18274223.4
16950617.4
17994740.4
20210001.6
15334548.4
14315276.2
15879189.2
15819233.4
14349401.8
18088538.6
16102044.0
18673016.2
20580096.8
15417596.8
16102905.4
11961223.4
16518690.2
16666733.0
17246360.8
17462206.4
14566167.8
16060614.2
23541826.0
23080528.6
21944743.2
12800404.0
13299898.0
16597313.6
13138969.6
18487414.0
17813232.8
21597127.0
19158291.2
23689951.4
25451243.0
21875253.0
12907748.6
17050150.4
15617229.2
12622424.6
15549119.6
14980937.8
14274401.0
14337542.8
16163215.2
13106578.6
14137332.2
14829921.4
17332087.8
16691088.2
16713248.6
19116106.2
22078496.2
18492653.2
20569465.0
19731853.8
22039131.4
22588268.0
20619910.0
20987008.0
21717133.0
18964936.4
18777729.4
18864081.8
17206193.6
17801739.6
21578896.0
20691524.2
20262098.6
24219818.6
19716207.0
19765554.6
22983815.8
18996808.2
16808923.0
14931283.4
16166531.0
17427030.6
13500604.2
13431668.6
12112995.0
15893667.8
19667213.4
16271704.4
21039872.0
15574643.0
12472694.4
15556447.4
16659771.0
17747931.6
20983444.4
19990498.0
14073093.0
13109092.0
14796008.2
15712927.2
15632533.8
14028441.8
20191829.6
16965273.0
19341262.0
13168599.4
12553784.0
16147733.6
14059770.8
30788536.4
14808174.0
12175004.0
11640440.4
10126488.6
13630309.8
10822877.4
11577782.4
13730539.0
13223622.8
13775438.0
10810251.4
12411275.4
12445141.4
12697956.4
16741368.0
9933570.4
13375300.0
9934880.2
11133654.0
14130240.4
13563038.0
14889782.8
12662167.0
13916731.2
12286183.6
17414770.4
21377045.2
22017466.6
20282418.2
21232212.0
23715002.8
20753545.0
23840684.6
17973028.4
17069514.2
18331170.2
15397548.6
14033657.4
11083067.4
10604376.8
14402584.4
16379674.4
14290980.0
12585903.6
16491951.4
15115528.6
16523150.6
14345507.8
14614300.0
18779983.2
19351221.2
20949094.6
21566470.6
19481965.2
25329502.4
19728939.2
21354814.0
23795148.4
27276596.8
22714669.6
25562399.0
25142590.4
19908004.2
19005788.0
17311709.2
18876648.8
16280684.2
16279221.0
16307151.6
18047097.0
14843113.8
16877599.0
18553293.4
25289217.2
22742930.6
26817789.2
24163780.4
23075773.2
28389454.8
37182921.0
38967423.2
28265566.6
22526801.8
22896082.8
20445742.0
32891532.4
24676608.4
22835725.8
15949717.8
15504468.4
18356339.6
19149323.2
17833422.6
20219394.4
18673205.0
18786721.0
22339866.2
15644546.2
24310820.2
20409516.0
20314644.0
19712419.2
20839449.0
17049442.4
17847382.0
18622040.2
22270092.8
24324944.8
25091956.6
20389043.0
22309965.0
18164613.2
25656645.6
59508296.8
29765004.4
21652315.6
21459491.8
30577906.4
64462526.8
28196890.6
26475612.8
22489879.6
24908502.0
22021832.6
23266791.6
23162562.2
21257877.0
23578028.4
19062215.6
18039710.2
16875758.2
17922760.4
16631934.8
16416938.8
18766684.6
16230121.2
19587905.6
17119239.4
23381180.8
22918927.6
32975548.4
45556342.6
32332035.4
18697867.0
22320596.8
19942129.8
17389553.8
16272188.2
17180457.8
14446480.4
17589646.4
20046772.2
17567273.6
17822484.0
20090042.8
15448713.4
17655466.8
16901553.0
18250599.8
19411118.0
24257555.0
23241929.0
27085460.4
26329481.6
23300657.6
25903855.6
26293904.6
30424235.0
31239449.8
25066775.4
31988537.4
26779309.4
30778943.0
32791114.4
35580374.8
30559522.0
29267032.6
37086585.8
45955902.4
23881241.2
25158449.6
28433834.6
27438056.2
27615988.4
24391614.8
27255073.6
28034735.0
27996125.4
27968265.6
28417798.4
28810183.8
26029938.6
27587408.8
26450113.0
26064371.0
28160251.6
26304501.0
24906189.2
20839307.4
16388371.0
17401684.2
17512144.0
17296746.8
15820625.8
17628751.6
18787240.2
17494644.6
17157825.4
19441868.8
19265765.6
19173513.2
17492331.8
17900529.2
16215654.4
16494512.0
18316361.2
16217990.8
20507609.4
17901721.0
18099618.8
20105784.0
16873846.6
26775840.2
29760378.8
19819150.2
19189278.0
19427331.2
22648955.4
28319716.8
27368294.6
25269794.4
21698866.6
21706536.6
19366785.4
16952847.6
19104117.4
18926232.4
18346356.8
18667257.8
17874474.8
17218725.2
17148633.2
19810099.6
18010375.4
17562329.4
20953531.4
21894675.8
22073575.6
21689851.4
34940614.2
27952854.8
17416056.6
18304667.4
18652555.0
19235569.4
18672886.4
17087308.6
18105471.6
18825885.2
19328824.8
20117017.6
21138779.6
21188127.2
22168518.4
19494473.2
24615496.2
19402976.0
20186496.0
18596493.2
20039432.6
20470356.8
18458303.4
17643430.8
18515167.6
23270791.8
22513692.0
28114656.4
21756096.6
22194667.2
22260995.0
22499036.4
23941315.0
26625921.2
26708061.0
34169873.6
34280722.8
22518707.0
17952284.0
18763817.2
20737650.4
19458436.0
21480637.4
18485360.8
17147665.6
16592912.2
23493198.2
21932483.0
18675506.0
21525619.0
22509019.2
17213356.2
20477602.0
18111619.4
16294667.2
19736267.0
22742281.6
19391223.2
16901553.0
13518375.0
16939336.6
27248548.2
16970288.0
16360381.4
14133391.0
16197140.2
15538499.6
15143754.2
15448406.6
14263214.6
16961768.4
15213067.4
18501526.8
22248074.0
17682854.6
18448332.4
23101367.4
24624594.0
24242592.6
20516282.4
30192353.2
23175860.8
20421976.8
20226840.2
18028453.0
16738146.6
16081500.2
17067720.6
19157748.4
17473628.8
17082683.0
17962939.4
17579392.2
17305360.8
16239171.8
21609446.2
18415976.8
19574135.0
21116501.2
17380975.2
19701185.6
19445574.0
22099783.4
18424343.0
13366155.0
16409410.4
16219371.4
14705077.4
17323945.8
17605859.6
19243994.6
15040893.6
19749636.4
18499131.4
18624459.2
16970240.8
25979057.0
21245699.4
22685582.6
21390863.0
26447033.2
18651304.2
20346055.6
19065118.4
20275102.2
22152022.0
19625158.2
19845841.8
19618514.8
19570595.0
19942861.4
17816241.8
19070145.2
18351371.8
17175891.2
17423561.4
23071749.4
17297738.0
18273987.4
17828289.6
18863255.8
17390226.4
17339840.4
21972060.2
18159067.2
17607582.4
17586743.6
19530109.2
19093355.8
19533318.8
20441269.8
17572064.4
20922379.4
25893129.4
26789528.2
18133060.0
17687267.8
17266928.2
19786322.6
20739373.2
16332214.8
23329213.6
20869114.2
19032880.8
19952915.0
18102887.4
18103335.8
17212341.4
16840653.2
17360891.6
19855517.8
23630078.2
21634686.4
24644606.8
20524625.0
19432228.2
21706465.8
18091984.2
16987244.6
17683043.4
36426033.6
29983859.0
16833537.8
13826720.8
14612447.4
16116900.2
17248095.4
16395309.4
15292741.0
17255576.6
17501653.8
20815117.4
19660416.6
22152588.4
24038204.8
29088557.6
24246321.4
23336565.0
23007651.8
25075094.4
27007969.8
20550030.4
23128224.2
20937117.6
21473061.8
21848986.2
20913022.0
21066799.6
19968361.2
22120150.2
19349356.8
20440668.0
21190617.0
20290300.6
23332411.4
25644881.0
29150885.2
24728292.4
22107276.4
21906593.8
23371823.4
22656023.6
25478866.8
20645138.4
20384476.4
19552411.2
20418165.4
21986928.2
20231524.8
22167503.6
24609891.2
20316272.4
23971051.0
31394124.2
21701663.2
25986868.6
29364300.0
22345129.0
23069129.8
22756665.8
22442549.8
21116123.6
19311219.2
19636073.2
21638450.6
27449714.6
23597958.6
21377517.2
20503798.0
20800992.8
21241722.8
18066036.0
21563036.8
21485522.6
23450387.8
22091960.0
23925621.0
25884149.6
23123763.8
23946743.0
24331812.4
20829124.0
21336960.6
19495747.6
20864854.4
18865651.2
17951410.8
19148001.6
19884380.6
22905782.4
22014233.4
20742866.0
25394968.8
31167953.6
23257988.8
21160090.4
21558045.4
22373696.8
21184717.0
21622237.4
22236368.4
20924633.2
20909364.0
21879866.8
19863777.8
22591064.6
21661625.8
25237769.2
22363773.0
20752966.8
19700973.2
24076920.6
20709802.4
28730427.6
27335254.6
21251516.8
20029957.2
20040081.6
21227043.6
21637671.8
21031081.0
21125787.8
19115823.0
21991365.0
29672020.4
20144228.4
18571418.2
40702849.2
19585864.2
33445164.8
24285355.8
27801012.4
26563511.0
20734995.4
18962352.2
31783831.0
28582231.4
24646648.2
23334854.0
23961198.0
25305147.2
23702199.8
24412571.6
23016419.2
22137460.8
22705300.4
29582682.6
26756865.8
22696521.2
28309616.0
26153944.8
25977393.2
38292439.6
36656853.4
37907688.8
37983067.2
27352659.6
24068979.2
21736237.2
23114784.0
19304469.6
21484153.8
22156482.4
20891522.4
26739980.0
23524303.0
20997840.4
23053884.2
23314145.0
21699138.0
20209494.2
24284388.2
25389883.0
22094449.8
22327263.8
21993536.2
19694082.0
22079404.8
23114300.2
22335146.2
19585179.8
28319964.6
35528041.8
22774271.4
22238681.2
28494238.8
23090511.4
24852286.8
22574214.2
23330724.0
20402436.0
24717554.4
25702288.0
24114716.0
24920207.6
25489935.2
28824155.0
25015598.8
27193572.0
26354910.6
21420315.8
23644073.0
24396535.4
28748989.0
25779684.2
23272137.0
20131378.2
21562977.8
25165824.6
20314939.0
19315077.8
19587917.4
19656333.8
22758825.2
21859110.6
20281922.6
22631031.2
20916290.6
33482311.2
18483496.4
21108854.8
21808712.8
27433017.6
24725153.6
23412450.8
23072280.4
22907776.6
25280402.6
23458175.8
22574875.0
22771333.2
20930568.6
31639434.4
16282029.4
19079467.2
20201080.8
17348655.0
18191068.8
17628539.2
20183097.6
16849951.6
16468481.2
17778104.2
21941628.0
25440198.2
24445729.6
22487083.0
16615202.4
16731668.4
17723222.4
19508291.0
19017717.8
18886560.8
16997286.4
18063345.6
24099246.2
28224254.8
23310852.8
18864730.8
22683305.2
20851449.6
20128381.0
21046645.2
19836744.0
21078446.2
22084006.8
20921942.8
20358622.6
20808356.0
21202700.2
19444984.0
20689884.0
20859391.0
19499205.0
23188416.0
22857532.2
23561213.4
19757802.0
21451609.4
20675488.0
21309148.0
21374520.0
23396827.6
24360415.6
21219928.2
21998421.4
21490632.0
19193962.6
18551476.2
19412581.2
18577389.0
18897475.8
20462592.4
21618603.0
29986950.6
20880418.6
20809406.2
22131631.6
21386567.8
21324157.6
21261582.2
22262529.0
22878902.0
23252549.0
20200809.4
20301038.6
23042827.6
23217042.8
29716506.4
39609520.2
25696753.8
21184186.0
24562986.2
29851675.4
23074723.0
19624603.6
15953069.0
18581554.4
17946513.8
17074906.8
20423982.8
17645342.4
19328105.0
19564801.2
19219438.8
20045922.6
18350522.2
18287592.8
20114681.2
24708893.2
26163703.4
27069813.6
22916402.4
20493237.0
22034352.4
19763749.2
17999425.0
19683580.0
19449786.6
16411699.6
18065127.4
17857376.6
18393438.8
18041562.8
23956855.6
17938950.0
18311889.0
20274547.6
20692739.6
24353925.6
21485298.4
22693229.0
18977609.6
19065873.6
18838121.8
22298424.6
21478537.0
19839599.6
22848434.4
18915199.4
19387907.4
20252375.4
26270918.2
17899408.2
18393934.4
18133697.2
21607086.2
23372354.4
26921110.0
21581279.6
21837575.6
19837935.8
19995926.0
22898737.8
24131318.6
19906163.4
20509473.8
18889510.8
19778404.8
21820713.4
22622299.2
18741420.8
20306348.6
20561783.2
21968272.4
25815025.2
28874965.8
28590267.2
22887055.8
27827267.4
26231093.2
31374996.4
26240663.0
26195858.4
31043156.8
27999606.4
30329056.2
28646789.2
30692024.2
34983637.0
35356092.2
28255359.6
27860779.4
30076972.8
24705070.0
28185539.0
29658049.2
25551944.2
33518147.8
36543195.8
35916356.2
35885817.8
37788556.0
36008065.8
30249500.6
36696371.6
31532172.4
32103740.8
30777715.8
33232977.2
32186954.4
27081531.0
27638750.6
35116564.0
27502755.6
24168642.0
23107314.6
21418522.2
29997051.4
32728975.6
28162399.2
26048535.4
26524771.6
25208009.6
28497885.0
26251908.4
24878187.8
22529563.0
23313189.2
23003923.0
29978041.6
28050263.8
22856777.0
26319321.8
24342951.6
28527975.0
29734088.4
25552262.8
24891132.4
24294972.8
25245946.6
26333222.2
32062547.0
26976723.4
23678080.6
25327992.0
24224420.6
30351181.2
29906816.8
24032210.4
22304879.2
23087301.8
23585427.0
23626750.6
28370586.6
25831757.6
28659332.6
34171926.8
37895322.4
26435162.4
27064893.0
26822886.8
26755213.8
28286405.4
24429516.4
24605784.8
27767783.6
29131745.6
29706570.8
28431474.6
26067852.0
26424046.8
27204817.4
26374923.4
26577092.8
25510396.4
23644238.2
22421947.0
23713681.2
24272847.8
27843799.2
23919744.6
26869355.2
26859726.4
24173338.4
27207000.4
27290119.6
29024342.0
27733693.4
28978086.0
28575871.2
28826314.4
24705636.4
27851209.6
28170682.8
27614902.8
24378316.2
24901693.4
25626579.2
25965711.2
31490341.4
25493616.8
24015348.2
25313454.4
24807446.8
26314188.8
28947925.2
25347745.2
21907337.2
24694957.4
27133061.6
28361642.2
29120960.4
25109491.4
25473438.8
29647181.4
30676401.0
26658241.4
27105260.8
26534955.0
25834825.6
26723200.4
27807396.2
25942158.4
28154599.4
25704695.2
29448835.2
24699264.4
24978735.6
23266237.0
34370733.2
30494669.2
31612093.8
27158113.0
25955374.4
26684213.2
24160747.8
29101820.8
28272882.6
27534556.6
27036207.2
27118524.0
26959967.4
34226183.2
31754850.2
31134583.2
31357803.8
26556478.2
23929491.4
27170727.2
27139787.6
27181300.0
23712701.8
26137660.8
23897277.4
26605318.4
22916036.6
25016578.2
28116096.0
28139955.6
28448207.0
26792619.8
22511426.4
20879816.8
22959673.0
22807358.6
20326585.6
23778227.2
22411527.6
21382945.2
24342349.8
27923531.8
22444957.0
23101190.4
25242418.4
30565457.4
28918968.0
31633687.8
21894439.8
21293182.6
20302525.4
24990830.6
24385478.8
26200507.6
25294916.6
20934757.6
22934019.8
19947911.8
22350509.8
27454906.6
22748217.0
22084089.4
23230518.4
26298459.4
26845436.6
22201192.6
20173126.6
20199759.2
20294525.0
20424997.6
24030995.0
27509894.6
25293654.0
20719620.0
19890139.0
18955508.2
24101382.0
25448375.6
20775257.0
25258655.2
28656654.0
26715967.0
24950451.0
25767435.8
20973213.8
19358643.4
19026685.8
24250274.4
32913079.2
31049800.2
26492404.2
24849773.4
20541333.8
20094869.0
21926653.8
27230069.4
24439416.6
22702751.6
27551466.0
25875476.6
20552520.2
22282553.6
26164104.6
24144640.8
21225639.4
22641415.2
22349176.4
24047054.8
29172314.0
36689999.6
24778171.0
25208694.0
22164412.0
31287700.0
53512209.4
41774112.2
40893596.2
28354597.6
22259590.8
21211644.6
26147148.0
32239039.6
23195885.4
23843174.4
20793098.6
22990506.4
27880060.6
29277369.4
27299960.8
24240032.0
24527444.6
24505355.0
21046775.0
26509231.0
25714335.8
24164795.2
24456668.2
22591465.8
23990580.0
20784626.2
26083085.8
27311902.4
24636535.6
24019065.2
23555360.6
25056285.2
26383089.0
26554908.8
22557257.6
32363152.0
21179619.4
22318791.4
22382676.6
19412085.6
21234524.8
23672027.2
22630276.0
27102464.2
30400033.2
28086135.8
25406379.4
36271500.8
47325127.2
42962903.2
35850618.4
48429501.0
37749332.8
33663877.8
33731668.8
37212397.4
35544113.4
32592284.4
34549515.0
34947186.8
45594173.4
39260759.4
32404003.6
28856581.4
29824110.6
28127553.8
30921628.6
33308756.8
30013595.0
28319823.0
24023490.2
32153277.2
42506939.4
63736590.8
38299437.0
28501023.8
31373403.4
26489938.0
27207413.4
25208045.0
37161740.0
24213364.0
22677971.6
22844493.2
22479849.6
25170733.4
24506818.2
19696984.8
23652085.2
37849290.6
32758676.2
26808396.4
35309907.0
23021929.8
19659224.8
19724773.8
21565231.6
22312974.0
28032445.8
20593737.6
21493818.0
23765601.2
23685632.6
23130017.8
26537680.8
21636185.0
23933869.2
20738972.0
24108580.0
24991090.2
30813316.4
24190790.6
24238498.0
20663817.8
22487212.8
23367032.6
28136580.8
24582715.8
20279279.4
21089963.0
22928969.4
32738049.8
35419234.0
34212070.4
35567312.2
39546803.2
37282406.8
32809121.2
32299715.2
34274303.6
27389168.8
35390666.2
33833951.2
32967264.8
35826463.8
38432753.4
32600367.4
30002703.6
35146512.4
35272560.0
29009863.4
24887521.6
26051202.2
22510281.8
25696411.6
23273387.8
25079236.2
23471840.2
25658061.6
20897174.6
20796827.4
24566431.8
22278341.0
24122303.4
22331582.6
23855210.4
22879291.4
23573379.2
22706079.2
25807166.4
24610434.0
21201909.6
20784107.0
18928887.4
19946637.4
26247023.2
24271620.6
21765029.2
22328101.6
22204685.4
22804467.6
23287418.0
24629703.4
24867709.4
25477946.4
24577535.6
29701803.6
28005742.4
29525735.8
22810119.8
23118890.4
25764733.6
26089021.2
30929499.2
31141592.4
31083300.4
41096497.2
30818201.6
27448404.8
25842448.4
27892663.0
21286822.4
26688225.2
25319330.8
28018156.0
28119848.4
34311237.6
27198504.4
25479787.2
23562889.0
29905684.0
26790731.8
28285013.0
27266212.8
27417465.2
26045361.2
25512237.2
26120763.2
32915321.2
26333883.0
25800074.6
22776560.6
22686184.4
33337737.6
32140604.0
33731397.4
30877897.8
20334904.6
20236457.2
23821899.0
24820450.4
28741956.2
30884199.0
33876277.8
32116968.6
33817124.4
33447371.4
29429648.4
33055493.4
27682162.8
29297264.2
43453795.0
46113078.4
32339469.4
40333674.4
34336961.6
44838902.6
39208615.2
32633903.0
27002482.8
30468426.0
28829252.6
33311824.8
30296995.6
35059900.4
32627767.0
30014940.2
31777305.6
31478258.2
32778299.6
35187423.0
30314176.4
28219499.4
29288190.0
27054426.4
29315601.4
32783668.6
27801779.4
30975342.2
28276505.2
35565365.2
37060838.2
37518194.4
38935280.0
33110587.6
33553642.2
31926115.4
38892505.0
34836184.2
30796076.6
31273103.4
29866071.4
42177507.0
36361711.8
37795895.6
37544850.6
34718172.4
31668769.2
28737000.2
31034601.8
34662039.8
33721863.0
26641544.4
27002140.6
28932455.4
34090129.2
35155610.2
30063096.0
39936816.8
35985421.6
37937141.6
36363281.2
38168138.4
29933449.4
36190198.8
35733208.4
30936307.8
35373745.0
36011440.6
30618356.8
27492171.0
25377540.2
28723878.6
36629961.2
31157994.4
32367612.4
30664683.6
31794875.8
28953176.2
31415741.8
29309666.0
27550451.2
28683381.0
31153888.0
30754257.4
32476184.2
27959651.6
31589001.2
30688696.6
26253938.0
28296541.6
28426849.0
32052871.0
29774857.4
28108850.8
30558625.2
28673787.6
28940573.8
30119913.0
31358441.0
28697175.2
28897079.0
31620141.4
32251229.0
33426402.8
34337056.0
27592081.6
30976038.4
31139645.4
26271071.6
31864059.2
31020772.2
29242712.8
29348157.6
24707772.2
28134173.6
28429421.4
28575281.2
24075599.0
26929370.0
24411273.6
25817845.4
26725277.2
30642959.8
32491477.0
36275961.2
39705312.6
31164224.8
37406377.6
36147884.0
35397168.0
30034469.2
29144749.2
27392461.0
33340640.4
32147931.8
25545112.0
25877329.2
32151129.6
30068158.2
34647714.6
30747460.6
25883347.2
22174784.2
27231568.0
56667623.8
59797750.8
37527941.2
32378916.8
26863301.8
24877869.2
25988520.6
29737439.6
27828624.4
24593807.8
33061476.0
26104573.6
30430323.8
29837314.8
30896034.4
25469651.0
25959020.6
22643834.2
24727749.6
29239798.2
31446292.0
24725448.6
33020058.0
35338486.6
27521647.4
32271702.0
28988434.6
25883890.0
27171671.2
27218057.0
27604825.6
31492135.0
31743522.2
30242408.8
30256722.2
26095770.8
29024637.0
28084755.2
31251202.6
29265333.4
29491032.0
28115624.0
30079934.6
30154097.6
29902710.4
26123571.6
28744800.0
28456478.8
30453156.8
28642352.4
30152693.4
34921226.8
60757810.6
43980806.6
54531469.8
63145682.2
55379665.6
43934904.6
59695079.0
67283847.8
68409143.0
57470106.4
52647257.6
49912690.2
38273040.4
26370640.0
30162440.2
31761257.6
32639649.6
27824789.4
28248149.8
29965675.2
27742850.2
29508295.4
30614698.8
28084861.4
29707267.0
30610144.0
33095530.8
29445743.6
37833112.8
32677869.8
39307192.4
29052520.4
31129615.4
32262580.6
36372532.4
31922516.4
28179060.8
26905404.2
28944113.8
31892379.2
31721409.0
32249895.6
34281171.2
33903547.6
32837972.2
39255602.8
32573298.2
35606205.0
32355092.6
33720317.2
33726748.2
34580041.6
32737861.0
36456701.8
37722806.4
32235889.0
31832057.6
33826434.6
28609513.0
25285630.0
26805057.0
26712804.6
31528797.6
29428621.8
28694060.0
26330744.2
25090682.2
24601218.2
24034263.6
28785462.8
30822697.4
24651144.0
25569231.2
25116182.0
27049529.4
26375395.4
27664875.8
22604705.4
24226167.0
23178716.4
23730472.6
28658306.0
27127586.4
23896357.0
25132312.6
26883586.0
23106736.4
29626566.8
28499832.0
27577485.0
25514479.2
24784236.2
22680909.8
29201200.4
31920640.2
28260315.6
23614655.6
26920461.0
30027047.0
31091053.0
31304220.0
29207666.8
25216765.2
23183247.6
22890218.2
28455440.4
27440628.6
30033643.2
28157655.6
31341366.4
23335101.8
32975406.8
31505834.8
23620284.2
24519066.6
25362813.8
27406113.6
26491295.0
28815741.6
25199289.4
24047692.0
23870078.4
26368268.2
32163743.8
33708399.2
25121315.0
26281491.0
29454570.0
29848914.2
33265852.0
28198672.4
30258209.0
28890341.2
30157673.0
26878075.4
29659406.2
32401183.4
26365896.4
27971970.8
23759418.0
22939636.6
24881350.2
30287803.4
28629938.8
26410099.2
25710087.8
28288812.6
32847494.8
42055648.4
26311569.2
27984490.6
28837760.4
26297952.0
27373840.6
30595441.2
26893415.4
23599008.8
27068562.8
31568445.6
38604219.2
36244915.4
37679453.2
39571016.8
29548769.4
26174394.2
31016677.6
39612493.8
31777860.2
25716896.4
29878131.0
29210734.8
35357767.8
32454743.6
27999618.2
30516404.8
35160825.8
26012545.4
31551996.4
33222723.0
28976221.6
28663557.0
25734148.0
30508723.0
28858445.8
30451257.0
26959294.8
26180766.2
28277555.4
29391605.2
27039098.2
32145465.6
28753189.8
27414951.8
28335517.0
27031239.4
31253857.6
30926336.8
29235432.2
25713380.0
29660173.2
32937351.8
34798683.8
29208079.8
31498943.6
26949017.0
28684679.0
27825497.4
34471269.2
38023600.2
31163965.2
27400780.0
27025870.4
26008073.2
34462631.6
30951034.2
29999187.2
29433235.6
28205481.0
27290957.4
34366426.2
26891586.4
26553445.6
31916994.0
34056912.2
31609250.0
37758938.0
39786473.0
26340089.8
28828025.4
27164083.8
26281078.0
32765107.2
25650108.4
27526957.4
26989620.8
25592984.6
29384407.2
36588236.4
28383495.8
28240574.2
34169000.4
34913344.4
33392241.8
41629739.2
32624581.0
32961400.2
29244459.2
31042413.4
28195993.8
28282688.4
27500360.2
30966445.0
30324135.6
31637369.4
31640508.2
34256190.6
31796280.0
31215767.2
29741321.8
31577177.6
36054203.8
38358330.8
32788034.6
33830906.8
29172314.0
30494114.6
31795465.8
32492845.8
30953795.4
31331607.8
36468608.0
39669240.0
38643230.0
41217270.2
41567683.0
36953658.8
39070036.0
35547806.8
29284119.0
31657759.8
31035982.4
28648240.6
30269596.0
25957852.4
32658706.6
38312924.4
31972914.2
30036168.4
27817237.4
31830842.2
26659386.0
33913707.4
33045369.0
26780111.8
25232270.4
24921517.4
23696996.0
25901755.2
32118797.6
32478992.6
44731735.0
52768597.0
33468847.4
34329952.4
29077678.0
25224541.4
30943812.6
44006625.0
31828435.0
38586070.8
36671072.4
34154439.2
37655452.0
44893076.4
41116238.6
42153871.6
24381820.8
22983615.2
22051875.4
24431180.2
22804479.4
24148700.0
22888082.4
29526644.4
29617185.8
24446732.6
23718094.4
26958421.6
30602969.6
35175941.6
24086525.8
23280184.6
24530418.2
24848935.6
28564968.0
22606994.6
20812250.0
26821754.0
23640462.2
23603929.4
28551374.4
23695886.8
27036207.2
22414253.4
32266226.8
31269445.4
33093855.2
27739381.0
26004061.2
24508777.0
24128734.4
25810387.8
29577844.6
27149109.6
25887477.2
26805658.8
24004043.8
23416156.0
26812644.4
28798360.2
24661740.4
24153915.6
22912945.0
26426713.6
33048944.4
23359362.6
26088702.6
22153190.2
31246659.6
32932030.0
48521470.2
30600102.2
26058187.8
22652802.2
22951743.4
24784755.4
28553545.6
24957885.0
24451617.8
33117372.6
27274614.4
23502567.4
25282385.0
24506865.4
22439623.4
21928836.8
21848655.8
25231515.2
25894073.4
30715423.6
22354698.8
23039547.2
26094968.4
26546306.6
29687537.4
34455197.6
29425766.2
28317498.4
29669129.4
28274593.6
36712809.0
29220776.6
25536344.6
25090281.0
22624364.2
54830540.8
32639578.8
26668354.0
26338662.0
30151029.6
32306075.4
33445884.6
32794607.2
29158744.0
28239288.0
19122631.6
22357660.6
23019676.0
26231246.6
25565183.8
28023430.6
25240105.6
25738655.6
33506890.6
28059998.8
23809143.2
23754226.0
23307159.4
25143369.2
24905552.0
27672758.2
37327931.2
28843046.8
26270540.6
26909203.8
36937221.4
38800901.6
29556663.6
30270020.8
27030850.0
22248274.6
27435814.2
36505235.2
29109833.0
26882299.8
24303079.4
25033251.6
26166252.2
31132010.8
25132843.6
24353135.0
23967688.0
29177919.0
30504486.8
32062617.8
26408057.8
30302671.4
25211113.0
24623449.4
25593173.4
34316417.8
24090360.8
24015655.0
26272428.6
28599636.4
31052207.4
33717567.8
26468450.2
29834931.2
29517582.0
26195008.8
28726061.6
36666741.8
29679076.8
28888087.4
21522244.2
26539132.2
26296842.8
33409540.6
27921148.2
27288267.0
26168199.2
27321106.4
28942591.6
32954166.8
25414545.0
27597804.6
29812841.6
30403254.6
25792027.0
29989983.2
26999355.8
27880166.8
28584390.8
29025026.4
29457933.0
34818920.8
30432294.4
24879261.6
26298553.8
27752644.2
32567398.2
38815604.4
37938994.2
31662975.4
29622908.8
34602520.6
34304452.6
35637840.8
32156321.6
30943364.2
34856362.2
40173772.6
36153666.0
38174829.0
28932809.4
29795790.6
31270908.6
35182679.4
31487474.0
35466976.8
20484115.6
21739222.6
23586394.6
42093833.2
36347245.0
26556584.4
19080340.4
17885755.6
20325511.8
19642079.4
27135008.6
24332473.2
21562600.2
31138772.2
32669031.6
26622216.0
22403562.6
36110702.2
31290402.2
24298689.8
19124708.4
27805284.0
55186263.6
44233126.0
19863683.4
17823699.4
20784130.6
21081667.6
22792738.4
25222275.8
28124946.0
34888942.0
31392991.4
33180384.6
37396170.6
49784896.2
44015687.4
30083462.8
25202558.0
38854662.4
35345708.2
28648287.8
21929603.8
22439104.2
23943745.8
22305386.6
21772840.8
29452823.6
24149608.6
21614744.4
22081812.0
21168244.2
23831988.0
28892571.4
23661159.4
20903782.6
22192035.8
20904124.8
24816355.8
31556539.4
26875703.6
23559030.4
24505803.4
28118975.2
27018200.4
32624061.8
34519118.2
26777327.0
33312580.0
25108335.0
27907837.8
34744014.4
26807322.6
28019524.8
25588960.8
25542055.8
27230624.0
29501534.0
27747239.8
26956533.6
25598554.2
24454237.4
24352875.4
28262215.4
23725398.6
27525812.8
26714079.0
26568561.4
27681360.4
34470254.4
27063795.6
27818382.0
31179305.2
25606991.2
39518648.4
38281324.0
29134058.4
24334432.0
31435943.4
31006293.6
36459628.2
38652847.0
31605238.0
23941598.2
24414141.0
25475362.2
26958103.0
27415270.4
29894415.0
28948928.2
23542274.4
23094924.6
26203917.8
28353205.2
22690043.0
25627523.2
23733351.8
29644974.8
28373159.0
27077129.6
23486779.0
20902567.2
20988140.8
22279969.4
23475226.8
24267832.8
22749621.2
20253012.6
20837915.0
23363516.2
25705863.4
27568847.4
23798098.4
23765884.4
25498572.8
22006669.6
26014893.6
23130171.2
28633608.6
30455245.4
22347300.2
30443032.4
23317991.8
27355031.4
24339435.2
24288058.0
28421716.0
20696787.0
27225939.4
28794784.8
22849626.2
21883395.0
23433655.4
21485003.4
29243881.0
26363064.4
23812093.2
21489935.8
19963263.6
21721652.4
25930122.4
27176568.2
19323880.6
18489526.2
18530165.4
18566049.2
24755279.0
24061037.8
22526837.2
18518884.6
22748264.2
22792172.0
24412241.2
27779961.2
22832362.8
20539445.8
29749275.0
28413243.6
28103399.2
31561401.0
38086612.2
27452216.2
20950380.8
20713366.0
23450435.0
24010380.4
27680062.4
22247602.0
18124835.4
21894699.4
22990400.2
25683573.2
19957375.4
22025608.6
20936456.8
21413507.2
27429005.6
24891887.6
21306953.2
19694660.2
21466477.4
121732363.6
37815519.0
51211551.6
33468753.0
35045103.2
21719658.2
20720634.8
23074982.6
25360359.4
24752199.2
22426914.8
19349581.0
20517627.6
20286642.6
24421516.0
20656053.4
22456993.0
23684193.0
26224685.8
23483557.6
26243518.6
23159907.2
20708858.4
19896251.4
20155780.6
18152258.6
26856599.4
21570659.6
23889253.4
23324328.4
23020454.8
25317572.6
28736953.0
28162576.2
32116709.0
23067890.8
22467919.8
20235926.2
26220555.8
20667782.6
18775487.4
20716599.2
22890312.6
26404470.6
33243703.4
35147857.6
36048280.2
38284474.6
30565068.0
24037780.0
28944963.4
25324983.0
30473677.0
26429297.8
24337747.8
29216670.2
32461977.0
23168898.8
21032615.0
23585663.0
22286742.6
22285326.6
28803941.6
24320118.6
24971443.2
31434952.2
22800762.4
22450267.0
22363619.6
24219264.0
47990706.2
61952076.8
74027524.2
23076988.6
24886754.6
23469787.0
21405082.0
21583981.8
22190206.8
34133919.0
39180295.2
25917673.4
24565995.2
29642260.8
24630222.6
26576030.8
31237868.6
26117187.8
22185168.2
24140558.0
25069076.4
25654344.6
26001524.2
24213611.8
26593589.2
29951220.2
31803395.4
27449514.0
25866614.8
27073719.4
27227426.2
27029917.8
26580597.4
23841321.8
30802283.4
27861298.6
23925420.4
29371533.4
30809221.8
38613092.8
28112721.2
27895400.6
23291843.0
22331889.4
24282087.2
24799175.0
27095525.8
25114707.0
23808529.6
30531426.2
21963694.0
23825710.4
29413069.4
25929367.2
27777660.2
25262171.6
26237323.6
32048764.6
32218094.6
25771495.0
24842091.6
33440374.0
27698730.0
28120025.4
31063901.2
32391236.0
27357332.4
24572331.8
23874161.2
24444679.4
32051997.8
26915493.2
24401102.0
27708052.0
25691620.8
31607326.6
34256957.6
26895551.2
29714925.2
24336626.8
28695015.8
24590810.6
28486191.2
27758296.4
23225361.8
27491781.6
28279797.4
35563300.2
36305107.2
24321865.0
25731150.8
25943657.0
28403154.6
30894889.8
29790232.8
26440767.4
31380011.4
28146941.2
28916029.8
35465914.8
43330190.0
31983439.8
30615855.2
37608145.8
32806749.4
29052308.0
33707549.6
28297603.6
24446862.4
28696939.2
30547025.8
30109658.8
30219033.0
30664447.6
29653352.8
30081397.8
32458472.4
33712741.6
33826717.8
29481780.8
24704527.2
27064550.8
26281007.2
34031672.0
27307984.8
23013292.2
25373374.8
23278261.2
23919036.6
24926131.2
29296933.8
23575692.0
39735591.4
24670035.8
26113140.4
27832530.2
35940652.4
25014702.0
24907640.6
25106199.2
26203245.2
22943813.8
31219649.4
33642862.0
30536394.0
29553760.8
30160446.0
31315394.6
33290289.8
27462328.8
29125409.0
30638865.2
31315040.6
38197060.2
40597675.8
29167948.0
29940848.0
32008361.4
31324209.2
30088064.8
47230632.8
34766375.4
31165263.2
32231770.8
27960312.4
30320595.6
29563826.2
33942877.0
31894904.4
24976222.2
23690942.6
28734616.6
29226275.4
25472837.0
28690048.0
23975723.8
24154128.0
29087991.2
27542203.0
28173762.6
33353903.6
26169379.2
24745449.6
36287324.6
35210846.0
34073538.4
28033401.6
25682003.8
27028596.2
27129557.0
34653024.6
28694414.0
26909593.2
23486590.2
20470840.6
24736977.2
31435436.0
23015251.0
24429469.2
24636995.8
25373068.0
26504027.2
30153200.8
23652757.8
22584586.4
21453934.0
22930161.2
22889852.4
24811034.0
22687364.4
23674517.0
27486589.6
28969141.6
37794456.0
37171003.0
36606585.4
30521679.4
27687130.6
25567260.6
30150876.2
35059440.2
43757739.4
35395681.2
38822743.4
46441684.8
22879126.2
32152427.6
29726017.2
27143540.0
32125594.4
36125558.4
35125189.8
38930772.4
27621593.4
30414570.8
30635160.0
29292567.8
29511139.2
39013986.0
28397785.6
30957524.2
33122588.2
31342640.8
35958505.8
35930893.8
31064113.6
33363674.0
30173272.6
29269133.0
24879615.6
30402723.6
28793510.4
24834988.0
24392464.4
24376687.8
26193368.6
30255105.6
27133805.0
23661513.4
27675861.6
30107570.2
23891530.8
26489595.8
29621504.6
28280316.6
28574750.2
26932780.2
21790340.2
27956453.8
20758630.8
20193552.4
23875966.6
23654350.8
24060967.0
31376813.6
27466152.0
21748167.0
29703019.0
28538866.4
31957786.6
35529210.0
27050650.4
27950105.4
23860980.6
20673305.0
22845885.6
25961699.2
31068349.8
25854437.2
26059497.6
27007781.0
27230883.6
29137079.2
35584304.2
29955503.6
29929956.6
30193191.0
26248616.2
27393534.8
29857658.0
28979915.0
29272743.8
26321304.2
27824435.4
29516543.6
25592760.4
24585618.6
25227172.8
28248952.2
16533345.8
28772707.0
22456320.4
18660024.4
18058212.6
18428768.0
21046527.2
22841094.8
24582137.6
23243486.6
19215403.2
18998188.8
17826979.8
22208673.8
22997987.6
20345300.4
15849358.8
18602452.2
23932878.0
22184377.6
23982390.8
21126177.2
21002702.0
22344503.6
22128705.2
23839410.2
24791965.2
19678812.8
19172191.6
20049085.0
22583288.4
28180996.0
23535819.8
19253387.4
22432496.2
21339544.8
21398910.6
21855960.0
26501360.4
23949433.4
26074271.2
23124153.2
20497072.0
24277131.2
25732743.8
20275338.2
36106395.2
28600533.2
31469054.2
34288133.2
35704664.2
26101482.0
28395048.0
26304335.8
30285136.6
30659420.8
35595219.2
35055510.8
30538541.6
31217867.6
32854303.4
32834337.8
33199418.0
28971525.2
28439805.4
27680758.6
28607400.8
26700792.2
34506008.4
29324404.2
36374420.4
29357231.8
31720913.4
31541341.0
33870554.8
35330568.8
34262314.8
27389581.8
27814263.8
30817765.0
33914085.0
32799339.0
42983140.2
34296770.8
30630074.2
39364351.6
40692288.2
35076668.2
32624710.8
37007112.8
37640100.2
41504848.0
45862045.2
36188015.8
35533068.6
40667933.0
46320274.6
43005855.2
42798375.8
41608841.4
40301838.0
48495817.0
43321835.6
38709074.0
45650070.0
41114515.8
38512450.6
40685869.0
40425631.8
42622532.2
41538419.0
32375459.4
30203622.2
32188665.4
34023707.0
33286596.4
36092648.2
35454716.6
34647844.4
40409678.2
37959679.6
32481447.0
37102138.2
36099810.8
33364606.2
33600205.0
31821083.6
36448607.0
41179014.6
37382128.6
40206659.2
39469088.4
36480620.4
36832885.8
36355682.0
38411584.2
35431812.8
44576860.0
41681505.8
51636044.8
50988744.0
51629153.6
47710302.8
37533794.0
46738502.0
42976957.0
44467556.6
39013478.6
35769139.4
37045061.6
36133440.8
34858179.4
48279310.6
37830044.8
32744303.8
30719978.4
40392698.0
37166153.2
39707106.2
43093092.6
35832812.2
37233460.4
36595623.2
33820334.0
34082848.6
40004973.6
31623174.0
33181257.8
32004892.2
32726851.6
34986044.2
49807127.4
39416059.2
33042548.8
37924610.0
41812108.2
42411371.2
43305410.0
48697892.0
42838035.6
43934786.6
36960868.6
38172516.2
42974361.0
41418212.4
52703555.4
48165027.6
54927123.8
53274392.2
51695493.2
35522531.2
36594065.6
40910883.2
43477430.4
35528549.2
42374932.8
42364631.4
32409054.0
28614103.2
32496586.4
31956158.2
32069603.4
37356711.4
31841131.8
30987390.0
31769187.2
34057950.6
36250213.6
40516031.6
30746717.2
31929879.6
31391363.0
30206631.2
33736105.6
51535969.0
33140311.8
31401994.8
33925920.4
38778989.0
38864621.6
35031143.8
31766874.4
29861575.6
28623118.4
39531309.8
32824012.8
37227418.8
37560391.2
38566140.6
41241070.8
47591630.2
48543607.0
48529128.4
40401182.2
39234209.4
49638776.8
37652395.8
39815347.6
49439191.6
42634450.2
36160203.2
38467280.2
26100809.4
24717353.8
31667506.6
34514327.4
25792994.6
27002907.6
29176113.6
27786958.6
31014836.8
26880128.6
25740461.0
28000420.6
51605022.6
33438757.4
38003717.2
30867726.2
30620268.4
28906011.6
27774132.0
28893527.2
28673150.4
27677702.4
30393165.6
31118842.0
24452715.2
20721519.8
28694862.4
32399661.2
22534755.0
26945429.8
23725469.4
29028047.2
26355323.6
25469580.2
31417677.0
30013654.0
28151708.4
31334274.6
30654099.0
30881957.0
27632355.0
30530340.6
30183963.4
28545462.6
24682638.2
34760805.8
31107679.2
25429236.0
25914404.8
31295204.8
33182980.6
31088551.4
27071654.4
25816606.4
27707674.4
22669522.8
27079973.4
33247904.2
25538421.4
27714199.8
24228975.4
29630295.6
31249491.6
37182130.4
35907164.0
28026923.4
27682316.2
26381201.0
36042746.0
40232796.2
32408900.6
27998721.4
28352202.2
29560663.8
31324362.6
40276798.4
28426129.2
39807300.0
34571769.8
33342976.8
33226652.4
38848609.0
25572700.4
34438429.8
27855209.8
25727103.4
34983554.4
32861879.0
29775966.6
32406458.0
36413419.4
31382123.6
26036015.6
32318630.6
29898497.8
30297668.2
29704541.2
24511561.8
29876136.8
31476854.0
31938540.8
24593760.6
25413081.8
34684247.4
33194603.6
36668724.2
41089134.0
34081173.0
30694030.2
28780990.6
28741850.0
37435700.6
37121372.2
44899460.2
30470432.0
29544226.4
36131482.0
36587870.6
34654535.0
30053833.0
31738790.4
33459855.8
34730904.6
35648838.4
31497869.8
25585586.0
28025165.2
29877942.2
27565413.6
32103327.8
37920704.2
26261643.4
36069697.2
36538947.8
32458083.0
36872604.6
37460763.8
30624787.8
28800555.0
23737411.0
22091983.6
26663716.6
29528178.4
26746045.2
24838752.2
33197919.4
33026371.0
39467731.4
29580358.0
29551424.4
34719694.6
26503519.8
22478834.8
30872493.4
27741516.8
24293238.2
24325959.6
22529999.6
30769373.2
43655870.0
40365192.2
38278846.0
33510171.0
33987268.6
26703541.6
38309313.6
30836833.8
27785471.8
28808484.6
33566740.2
27628059.8
25534633.6
29141221.0
26682325.2
25481132.4
26551640.2
23474058.6
35400023.6
31439247.4
27088670.0
28025354.0
27029091.8
33335637.2
31788905.0
33395038.4
44891849.2
40847304.8
38891903.2
33373739.4
38365269.2
31861085.6
30124644.8
31428580.2
22949053.0
26640942.6
35892709.0
33790527.2
36658363.8
37292012.0
43967980.0
35670810.0
39808291.2
40446659.4
37875250.6
32207427.4
22855325.6
30503342.2
39217477.0
40076717.6
36144934.0
38973818.8
46830719.0
40827315.6
41950156.4
47489595.6
46158355.0
44831846.2
43911717.6
44087455.0
41550148.2
45140133.0
41688869.0
41020564.2
42882793.0
40720525.6
48685773.4
49225057.0
44813414.6
58798373.4
45097476.0
40625712.6
43757007.8
48443047.4
45693730.0
40988421.0
38005746.8
38881141.6
48855787.8
47011955.2
45919664.6
44327974.4
38160775.2
40220701.2
44179306.2
44521954.6
42153458.6
42427147.8
42899560.8
43830746.0
41063457.2
46163075.0
43948545.4
43153815.4
44653418.4
40694648.2
44046438.2
46757653.4
51204684.0
47486881.6
43083145.2
42514314.4
46173718.6
50191370.8
55330613.0
46978478.6
40454931.2
46070268.0
44435991.6
45674743.8
40888581.2
41919901.2
41070714.2
43705949.2
42915561.6
43039709.4
44449420.0
41535056.0
38831522.6
44654645.6
37000552.0
41825029.2
40157984.2
41256222.0
42134189.2
38669319.8
36627141.0
33994596.4
38418817.6
41755527.2
35613367.6
43346887.0
35373343.8
28462756.4
34600856.8
26125766.4
35069482.0
39409014.6
36415991.8
40817498.0
45194731.6
40137853.4
39751238.2
39785033.4
37754937.8
43782885.2
51851866.8
51163667.2
54638979.6
51739790.4
51387584.0
60036571.0
63732626.0
52622749.0
45417067.2
48230800.8
52391952.8
57109628.2
50967893.4
57175731.8
50030595.8
55663172.4
53939145.2
49783220.6
53550205.4
53530912.4
49882435.0
49999408.4
49745519.6
54629527.8
56792302.6
54666662.4
51043614.0
45431864.4
48018141.2
47701441.0
57080293.4
51621967.4
45026204.0
46874862.8
49415520.8
44798641.0
52376117.2
47614144.6
55660316.8
50374837.2
46121609.8
52087996.6
55513961.4
46081808.4
39856659.4
42003480.6
39911092.8
44039523.4
61008619.6
44683414.0
33428869.0
34959871.8
35329353.4
31882349.2
35972665.8
40389877.8
36453456.8
38922500.6
44327986.2
40948053.2
54551671.4
49325628.4
39746907.6
39665511.2
37364546.6
32042546.0
37295976.8
35947874.0
30381530.8
28656406.2
36569085.0
32903710.0
38381482.4
47985797.4
47502410.4
43087641.0
33302207.8
38314045.4
38006525.6
37097017.0
36285165.2
39727189.8
46431206.4
34103392.4
39182914.8
41712610.6
37810268.0
39815229.6
37484942.0
50206427.6
62865821.6
51659951.6
44216452.6
39195092.4
37684999.2
35177027.2
44828211.8
37770159.8
35209913.8
33638507.8
34931197.8
35113106.6
37082998.6
46078032.4
44261434.2
33563365.4
34295177.8
28326006.2
36184346.0
37401504.2
34905839.6
34391701.8
34872044.4
35945573.0
41346291.4
38951080.2
35638513.4
31806911.8
32322029.0
35306744.6
36284162.2
41161538.8
39629698.2
37303646.8
38240035.8
38480059.6
41585406.6
40367103.8
36768752.8
38972391.0
39104905.0
39647551.6
34260061.0
38577787.2
30425533.0
31612436.0
30817894.8
31878585.0
35157203.2
38239493.0
32952078.2
34480579.4
33938050.8
36018426.2
34688802.2
37583578.2
61303383.6
60297008.8
52534768.2
42490183.4
35155704.6
35929383.4
35088031.6
33454404.2
38169047.0
37505733.6
37479927.0
37403498.4
35483343.4
37508011.0
39730198.8
37212539.0
38419867.8
36322406.0
39981456.2
34836137.0
37368759.2
32544824.8
37280990.8
31132553.6
31086238.6
36624273.6
38759778.6
31446079.6
37865079.0
30843040.6
35091831.2
34466631.8
34538033.6
36777473.0
44802476.0
47423444.8
38136774.0
40969600.0
36781673.8
38067189.4
38448388.4
38411501.6
37799423.8
32824083.6
30166381.4
48298768.8
39567264.4
38367747.2
38747152.6
40161595.0
37002758.6
36976244.0
39079605.8
39429263.4
37866223.6
31087052.8
29718689.4
31569602.0
35574345.0
37259290.6
37757545.6
35700227.4
36993542.8
33694180.2
32930838.2
30220531.6
31181429.2
27437560.6
25736708.6
24376900.2
25084027.0
27263829.2
30059709.4
26213900.6
28060423.6
24181810.8
27341036.6
29092664.0
38197544.0
63040013.2
36859789.8
27282827.2
30532677.0
33285156.8
35990424.8
30313456.6
36756008.8
35079948.6
51240768.4
63518267.2
51832585.6
35131384.8
49145300.8
47501513.6
50592500.0
46625682.2
36470909.0
38777868.0
44765353.2
50398909.2
48059228.8
28366527.4
31222056.6
35685878.6
38744497.6
38458560.0
36762026.8
38952024.2
33771918.6
32946390.6
31095336.4
25079849.8
28403225.4
27451850.4
31406596.8
32720467.8
29265239.0
27184309.0
24895958.6
34072736.0
36603139.8
28935334.6
53588189.6
24722144.6
23342866.2
25637447.0
28333664.4
29029817.2
31507227.2
24722439.6
24206767.8
25222311.2
25314846.8
27172202.2
31790273.8
26191327.2
30633413.6
28354975.2
33452457.2
39170194.4
40647165.0
33892373.0
34267353.4
34025382.6
29117798.0
31188863.2
38534068.2
33606435.4
33292579.0
41446048.6
38813775.4
36535313.4
39013195.4
35201948.8
33986796.6
32275607.8
31434916.8
29218216.0
33924197.6
46394166.2
28601607.0
25825255.8
26092997.8
34855725.0
36776540.8
29520012.8
26274729.6
22139207.2
29491515.8
30779839.8
32780931.0
23438068.6
27143870.4
25678050.8
25768309.0
27241857.6
31719403.0
29570221.8
31526048.2
28340307.8
31650951.2
31408897.8
34610320.4
36557379.4
34271153.0
35974294.2
36365051.2
32796412.6
34700236.4
37197730.0
31761753.2
33770667.8
46860525.8
53046333.6
37241177.6
36595328.2
36185514.2
37668998.4
51437793.0
36306440.6
37175428.0
38341362.4
33933602.2
35028748.4
33250901.4
31353544.0
33884596.8
34777585.4
35920934.6
36225362.8
33668680.4
37090692.2
40638503.8
45926260.8
55455598.6
43958964.8
36521118.0
34416446.4
36365570.4
33952411.4
31122488.2
36319338.0
33726170.0
37698132.6
34769467.0
40206871.6
34718278.6
33886414.0
32760092.2
36027748.2
38994539.6
39097376.6
37695324.2
44072693.2
35875115.2
32909964.0
33744306.6
37869952.4
28540837.0
26771450.6
24347636.2
24109063.8
23022059.6
24706887.2
21603888.4
20051881.6
20876088.0
21464318.0
28959241.4
36124968.4
30511885.4
22886182.6
20613313.8
19338123.2
26263885.4
26175987.2
28012975.8
23692748.0
28159685.2
22071557.8
27246318.0
32013695.0
27819302.4
21836348.4
22073280.6
18625108.2
18789789.0
25353857.6
19005457.6
19043382.8
17367523.2
24120734.0
21511600.6
26140811.4
17767767.4
18956287.0
21576819.2
18237466.4
21201567.4
22873887.0
16525888.2
17163206.2
17824431.0
18632471.4
18517810.8
27718613.0
24849431.2
23917231.2
23039299.4
21974361.2
21086505.6
25555212.8
19901620.4
18426844.6
19316942.2
20570928.2
21363534.2
27996644.6
28131306.2
24799871.2
22318579.0
22896838.0
21772923.4
26282293.4
22918963.0
26438702.4
29806505.0
27828105.2
22553517.0
24051857.4
22124669.6
19771442.8
22764147.0
19447096.2
18525008.8
24034263.6
21761418.4
20678178.4
18812397.8
18639303.6
17942442.8
20245118.4
19754710.4
18396790.0
17009192.6
22571630.0
40890268.6
27612743.4
20637232.4
22710067.6
21222713.0
21433590.8
25444104.0
35382866.4
17893638.0
21206818.4
29077276.8
22653179.8
24026039.0
24764258.8
23038438.0
19565556.4
20073735.2
19317272.6
20471678.4
27015498.2
17458501.2
20744777.6
21988828.0
18429004.0
19501364.4
24603590.0
18163645.6
22929677.4
20459489.0
21954844.0
19542263.2
24444313.6
16168230.2
16575117.8
19464937.8
19598962.2
20905009.8
25631358.2
20379119.2
21030231.4
11127730.4
8730123.8
16969662.6
17517159.0
26684012.6
31308432.6
23599292.0
27752951.0
28419745.4
21155169.8
18809577.6
21264485.0
19156875.2
19779596.6
18843691.4
20252481.6
21179383.4
18852529.6
16450096.8
19219143.8
26549587.0
19262426.2
23122465.8
20604558.2
16384193.8
17368396.4
24290453.4
26125129.2
25468435.6
25948577.6
26696733.0
31078415.2
27585166.8
24390824.2
26530789.6
28955323.8
18045574.8
22091075.0
18078662.0
19095243.8
27600801.8
33613704.2
24752742.0
22497242.8
21759459.6
19949481.2
24704303.0
22265573.4
20213305.6
20005613.8
17351298.2
21533985.2
23321980.2
23477433.4
18805247.0
12567613.6
20849656.0
24996258.6
23809615.2
28359235.0
27214871.0
22860836.2
24500764.8
23003474.6
24880937.2
27570251.6
29833208.4
25327649.8
26585942.8
23546227.4
25647323.6
24769911.0
32197692.4
30169201.6
24299279.8
22984582.8
24075658.0
27527606.4
30943800.8
26599878.6
27620979.8
27472500.4
22114580.6
27004146.6
26136587.0
22670136.4
26251991.0
30792017.4
29573809.0
25520969.2
25443124.6
707339.2
