1525385761,564956.000000,8941070.000000
1525385762,564956.000000,8941070.000000
1525385763,564956.000000,8941070.000000
1525385764,564956.000000,8941070.000000
1525385765,564956.000000,8941070.000000
1525385766,564956.000000,8941070.000000
1525385767,564956.000000,8941070.000000
1525385768,564956.000000,8941070.000000
1525385769,564956.000000,8941070.000000
1525385770,564956.000000,8941070.000000
1525385771,564956.000000,8941070.000000
1525385772,564956.000000,8941070.000000
1525385773,564956.000000,8941070.000000
1525385774,564956.000000,8941070.000000
1525385775,564956.000000,8941070.000000
1525385776,564956.000000,8941070.000000
1525385777,564956.000000,8941070.000000
1525385778,564956.000000,8941070.000000
1525385779,564956.000000,8941070.000000
1525385780,564956.000000,8941070.000000
