1525311253,604456.000000,14787619.200000
1525311254,604456.000000,14787619.200000
1525311255,604456.000000,14787619.200000
1525311256,604456.000000,14787619.200000
1525311257,604424.000000,14787619.200000
1525311258,604424.000000,14787619.200000
1525311259,604424.000000,14787619.200000
1525311260,604424.000000,14787619.200000
1525311261,604424.000000,14787619.200000
1525311262,604424.000000,14787619.200000
1525311263,604424.000000,14787619.200000
1525311264,604424.000000,14787619.200000
1525311265,604424.000000,14787619.200000
1525311266,604424.000000,14787619.200000
1525311267,604424.000000,14787619.200000
1525311268,604424.000000,14787619.200000
1525311269,604424.000000,14787619.200000
1525311270,604424.000000,14787619.200000
1525311271,604424.000000,14787619.200000
1525311272,604424.000000,14787619.200000
1525311273,604424.000000,14787619.200000
1525311274,604424.000000,14787619.200000
1525311275,604424.000000,14787619.200000
1525311276,604424.000000,14787619.200000
1525311277,604424.000000,14787619.200000
1525311279,604424.000000,14787619.200000
1525311280,604424.000000,14787619.200000
1525311281,604424.000000,14787619.200000
1525311282,604424.000000,14787619.200000
1525311283,604424.000000,14787619.200000
1525311284,604424.000000,14787619.200000
1525311285,604424.000000,14787619.200000
1525311286,604424.000000,14787619.200000
1525311287,604424.000000,14787619.200000
1525311288,604424.000000,755570.200000
1525311289,604424.000000,755570.200000
1525311290,604424.000000,755570.200000
1525311291,604424.000000,755570.200000
1525311292,604648.000000,755570.200000
1525311293,604616.000000,755570.200000
1525311294,604616.000000,755570.200000
1525311295,604616.000000,755570.200000
1525311349,604616.000000,14787619.200000
1525311350,604616.000000,14787619.200000
1525311351,604616.000000,14787619.200000
1525311352,604616.000000,14787619.200000
1525311353,604616.000000,14787619.200000
1525311354,604616.000000,14787619.200000
1525311355,604616.000000,14787619.200000
1525311356,604616.000000,14787619.200000
1525311358,604616.000000,14787619.200000
1525311359,604584.000000,14787619.200000
1525311360,604584.000000,14787619.200000
1525311361,604584.000000,14787619.200000
1525311362,604584.000000,14787619.200000
1525311363,604584.000000,14787619.200000
1525311364,604584.000000,14787619.200000
1525311365,604584.000000,14787619.200000
1525311366,604584.000000,14787619.200000
1525311367,604584.000000,14787619.200000
1525311368,604584.000000,14787619.200000
1525311369,604584.000000,14787619.200000
1525311370,604584.000000,14787619.200000
1525311371,604584.000000,14787619.200000
1525311372,604584.000000,14787619.200000
1525311373,604584.000000,14787619.200000
1525311374,604584.000000,14787619.200000
1525311375,604584.000000,14787619.200000
1525311376,604584.000000,14787619.200000
1525311377,604584.000000,14787619.200000
1525311378,604584.000000,14787619.200000
1525311379,604584.000000,14787619.200000
1525311380,604584.000000,14787619.200000
1525311381,604584.000000,14787619.200000
1525311382,604584.000000,14787619.200000
1525311383,604584.000000,14787619.200000
1525311384,604584.000000,755770.200000
1525311385,604584.000000,755770.200000
1525311386,604584.000000,755770.200000
1525311387,604584.000000,755770.200000
1525311388,604584.000000,755770.200000
1525311389,604584.000000,755770.200000
1525311390,604584.000000,755770.200000
1525311391,604584.000000,755770.200000
1525312672,604552.000000,14787619.200000
1525312673,604552.000000,14787619.200000
1525312674,604552.000000,14787619.200000
1525312675,604552.000000,14787619.200000
1525312676,604552.000000,14787619.200000
1525312677,604552.000000,14787619.200000
1525312678,604552.000000,14787619.200000
1525312679,604520.000000,14787619.200000
1525312680,604520.000000,14787619.200000
1525312681,604520.000000,14787619.200000
1525312682,604520.000000,14787619.200000
1525312683,604520.000000,14787619.200000
1525312684,604520.000000,14787619.200000
1525312685,604520.000000,14787619.200000
1525312686,604520.000000,14787619.200000
1525312687,604520.000000,14787619.200000
1525312688,604520.000000,14787619.200000
1525312689,604520.000000,14787619.200000
1525312690,604520.000000,14787619.200000
1525312691,604520.000000,14787619.200000
1525312692,604520.000000,14787619.200000
1525312693,604520.000000,14787619.200000
1525312694,604520.000000,14787619.200000
1525312695,604520.000000,14787619.200000
1525312696,604520.000000,14787619.200000
1525312697,604520.000000,14787619.200000
1525312698,604520.000000,14787619.200000
1525312699,604520.000000,14787619.200000
1525312701,604520.000000,14787619.200000
1525312702,604520.000000,14787619.200000
1525312703,604520.000000,14787619.200000
1525312704,604520.000000,14787619.200000
1525312705,604520.000000,14787619.200000
1525312706,604520.000000,14787619.200000
1525312707,604520.000000,755690.200000
1525312708,604520.000000,755690.200000
1525312709,604520.000000,755690.200000
1525312710,604520.000000,755690.200000
1525313257,604552.000000,0.000000
1525313258,604552.000000,0.000000
1525313259,604552.000000,0.000000
1525313260,604552.000000,0.000000
1525313262,604552.000000,0.000000
1525313263,604552.000000,0.000000
1525313264,604552.000000,0.000000
1525313265,604552.000000,0.000000
1525313266,604552.000000,0.000000
1525313267,604552.000000,0.000000
1525313268,604552.000000,0.000000
1525313269,604552.000000,0.000000
1525313270,604552.000000,0.000000
1525313271,604552.000000,0.000000
1525314048,604384.000000,0.000000
1525314049,604384.000000,0.000000
1525314050,604384.000000,0.000000
1525314051,604384.000000,0.000000
1525314052,604352.000000,0.000000
1525314053,604352.000000,0.000000
1525314054,604352.000000,0.000000
1525314056,604352.000000,0.000000
1525314057,604352.000000,0.000000
1525314058,604352.000000,0.000000
1525314059,604352.000000,0.000000
1525314060,604352.000000,0.000000
1525314061,604352.000000,0.000000
1525314062,604352.000000,0.000000
1525314063,604352.000000,0.000000
1525314064,604352.000000,0.000000
1525314065,604352.000000,0.000000
1525314066,604352.000000,0.000000
1525314067,604352.000000,0.000000
1525314068,604352.000000,0.000000
1525314069,604352.000000,0.000000
1525314070,604352.000000,0.000000
1525314071,604352.000000,0.000000
1525314072,604352.000000,0.000000
1525314073,604352.000000,0.000000
1525314074,604352.000000,0.000000
1525314075,604352.000000,0.000000
1525314076,604352.000000,0.000000
1525314077,604352.000000,0.000000
1525314078,604352.000000,0.000000
1525314079,604352.000000,0.000000
1525314080,604352.000000,0.000000
1525314081,604352.000000,0.000000
1525314082,604352.000000,0.000000
1525314083,604352.000000,0.000000
1525314084,604352.000000,0.000000
1525314085,604352.000000,0.000000
1525314086,604352.000000,0.000000
1525314087,604352.000000,0.000000
1525314088,604352.000000,0.000000
1525314089,604352.000000,0.000000
1525314090,604352.000000,0.000000
1525314091,604320.000000,0.000000
1525314093,604320.000000,0.000000
1525314094,604320.000000,0.000000
1525314095,604320.000000,0.000000
1525314096,604320.000000,0.000000
1525314097,604320.000000,0.000000
1525314318,604192.000000,16430688.000000
1525314319,604192.000000,16430688.000000
1525314320,604192.000000,16430688.000000
1525314321,604192.000000,16430688.000000
1525314322,604192.000000,16430688.000000
1525314323,604192.000000,16430688.000000
1525314324,604192.000000,16430688.000000
1525314325,604192.000000,16430688.000000
1525314326,604192.000000,16430688.000000
1525314327,604192.000000,16430688.000000
1525314328,604192.000000,16430688.000000
1525314329,604384.000000,16430688.000000
1525314330,604384.000000,16430688.000000
1525314331,604384.000000,16430688.000000
1525314332,604384.000000,16430688.000000
1525314333,604384.000000,16430688.000000
1525314334,604384.000000,16430688.000000
1525314335,604384.000000,16430688.000000
1525314337,604384.000000,16430688.000000
1525314338,604384.000000,16430688.000000
1525314339,604384.000000,16430688.000000
1525314340,604384.000000,16430688.000000
1525314341,604384.000000,16430688.000000
1525314342,604384.000000,16430688.000000
1525314343,604384.000000,16430688.000000
1525314344,604384.000000,16430688.000000
1525314345,604384.000000,16430688.000000
1525314346,604384.000000,16430688.000000
1525314347,604384.000000,16430688.000000
1525314348,604384.000000,16430688.000000
1525314349,604384.000000,16430688.000000
1525314350,604384.000000,16430688.000000
1525314351,604384.000000,16430688.000000
1525314352,604384.000000,16430688.000000
1525314353,604384.000000,2053836.000000
1525314354,604384.000000,2053836.000000
1525314355,604384.000000,2053836.000000
1525314356,604384.000000,2053836.000000
1525314357,604384.000000,2053836.000000
1525314358,604384.000000,2053836.000000
1525314359,604384.000000,2053836.000000
1525314360,604384.000000,2053836.000000
1525314361,604384.000000,2053836.000000
1525314362,604384.000000,2053836.000000
1525314363,604384.000000,2053836.000000
1525314364,604384.000000,2053836.000000
1525314365,604384.000000,2053836.000000
1525314366,604384.000000,2053836.000000
1525314367,604352.000000,2053836.000000
