4091904
4091904
4091904
4091904
4091904
4091904
4091904
4091904
4091904
4091904
4091904
4091904
4091904
4091904
4091904
4091904
4091904
4091904
4091904
4091904
4091904
4091904
4091904
4091904
4091904
4091904
4091904
4091904
4091904
4091904
4091904
4091904
4091904
4091904
4616192
183701504
378642432
597270528
829149184
1040961536
1265881088
1476513792
1706283008
1941049344
2162221056
2375479296
2652737536
2926026752
3208028160
3473190912
3738611712
4013076480
4245860352
4431953920
4561293312
4682899456
4819091456
4946071552
5040021504
5140946944
5189312512
5238013952
5286248448
5325438976
5350080512
5365284864
5371494400
5373517824
5377028096
5377028096
5377028096
5377028096
5377028096
5377028096
5377028096
5377028096
5377028096
5377028096
5377028096
5377028096
5377028096
5377028096
5377028096
5377028096
5377028096
5377028096
5377028096
5377028096
5377028096
5377028096
5377028096
5377028096
5377028096
5377028096
5377028096
5377028096
5377028096
5377028096
5377028096
5377028096
5377028096
5377028096
5377028096
5377028096
5377028096
5377028096
5377028096
5377028096
5377028096
5377028096
5377028096
5377028096
5377028096
5377028096
5377028096
5377028096
5377028096
5377028096
5377028096
5377028096
5377028096
5377028096
5377028096
5377028096
5377028096
5377028096
5377028096
5377028096
5380173824
504823808
4386816
4386816
4386816
4386816
4198400
4091904
4091904
4091904
4091904
4091904
4091904
4091904
4091904
4091904
4091904
4091904
4091904
4091904
4091904
4091904
4091904
4091904
4091904
4091904
169623552
411365376
666861568
933208064
1203154944
1467928576
4091904
4091904
4091904
4091904
4091904
4091904
4091904
4091904
4091904
4091904
4091904
4091904
4091904
4091904
4091904
4091904
4091904
4091904
4091904
4091904
4091904
4091904
4091904
4091904
4091904
4091904
4091904
4091904
4091904
4091904
4091904
4091904
4091904
4091904
4091904
4091904
4091904
4091904
4091904
4091904
4091904
4091904
4091904
4091904
4091904
4091904
4091904
4091904
4091904
4091904
4091904
4091904
4091904
4091904
4091904
4091904
4091904
4091904
4091904
4091904
4091904
4091904
4091904
4091904
4091904
4091904
4091904
4091904
4091904
4091904
4091904
4091904
4091904
4091904
4091904
4091904
4091904
4091904
4091904
4091904
4091904
4091904
4091904
4091904
4091904
4091904
4091904
4091904
4091904
4091904
4091904
4091904
4091904
4091904
4091904
4091904
4091904
4091904
4091904
4091904
4091904
4091904
4091904
4091904
4091904
4091904
4091904
4091904
4091904
4091904
4091904
4091904
4091904
4091904
4091904
4091904
4091904
4091904
4091904
4091904
4091904
4091904
4091904
4091904
4091904
4091904
4091904
4091904
4091904
4091904
4091904
4091904
4091904
4091904
4091904
4091904
4091904
4091904
4091904
4091904
4091904
4091904
4091904
63967232
183603200
310788096
457850880
590356480
721559552
836771840
973049856
1081085952
1197715456
1303273472
1424502784
1570758656
1720467456
1847476224
2013024256
2176131072
2375442432
2614927360
2857639936
3102158848
3348971520
3632046080
3940986880
4257918976
4568715264
4837941248
5099192320
5327097856
5562408960
5802319872
6025216000
6262718464
6474268672
6664232960
6847602688
6989803520
7088979968
7164121088
7221567488
7279669248
7339409408
7384711168
7414824960
7445630976
7471722496
7491776512
7503441920
7515500544
7522316288
7525724160
7525724160
7525724160
7525724160
7525724160
7525724160
7525724160
7525724160
7525724160
7525425152
7525425152
7525425152
7525298176
7525298176
6794047488
6920667136
6940491776
7208366080
6622081024
6910099456
6878982144
6776352768
6736506880
6796140544
6701899776
6927605760
6984384512
7128596480
7212400640
7211094016
7130677248
7273656320
6344335360
6410104832
6751875072
6517653504
6525612032
6084341760
6689005568
6790250496
6072328192
6146641920
6053224448
5805867008
6416777216
5525663744
6267916288
5550227456
5608517632
5579321344
5476577280
5434892288
6009909248
6336659456
6199308288
6312222720
5895106560
5913088000
6842712064
6929952768
7029170176
6935441408
6971351040
7087493120
7020392448
6839508992
7181701120
7104311296
7153016832
7259734016
8287293440
9142718464
9335578624
9649065984
9556439040
10023686144
10560442368
10943258624
11160637440
11264970752
11325677568
11228123136
11646849024
11917946880
11924992000
12200583168
12317126656
12392329216
12278870016
12423917568
12245671936
12358115328
12550852608
12867026944
12493860864
12479250432
12709007360
12396081152
12609179648
12859637760
12755275776
12692664320
12836724736
12407111680
12776001536
12426461184
12644577280
12875907072
12697747456
12689010688
12526546944
11993899008
12426907648
12513873920
11972825088
12018167808
12072321024
12359593984
12333096960
12323323904
12138774528
12496261120
12830756864
12765065216
12549009408
12228595712
12265132032
12294549504
11932762112
11881123840
11903258624
11924025344
11950612480
9324040192
2970664960
44040192
4276224
4087808
4087808
4403200
4460544
4341760
4321280
4337664
4087808
4087808
4198400
4087808
4087808
4087808
4087808
4087808
4087808
4087808
4087808
4087808
4087808
4087808
4087808
208674816
428646400
4149248
4104192
4530176
4214784
4214784
4087808
4087808
4087808
4087808
4087808
4087808
4087808
4087808
4087808
5169152
4214784
4087808
4087808
4087808
4087808
4087808
4087808
4087808
4087808
4087808
4087808
4087808
4087808
4087808
4087808
4087808
4087808
4087808
4087808
4087808
4087808
4087808
4087808
4087808
4087808
4087808
4087808
4087808
4087808
4087808
4087808
4087808
4087808
4087808
4087808
4087808
4087808
4087808
4087808
4087808
4087808
4116480
4087808
4087808
4202496
4198400
4112384
4112384
4112384
4087808
4087808
4087808
4087808
4177920
4177920
4177920
4177920
4177920
4177920
4177920
4087808
4087808
4087808
4206592
5070848
4227072
4087808
4087808
4087808
4087808
4259840
4087808
4214784
4087808
4087808
4087808
4087808
4087808
4087808
4087808
4087808
4087808
4087808
4087808
4087808
4087808
4087808
4087808
4087808
4087808
4087808
4087808
4087808
4087808
4087808
4087808
4087808
4087808
4087808
4087808
4087808
4087808
4087808
4087808
4087808
4087808
4087808
4087808
4087808
4087808
4087808
4087808
4087808
4087808
4087808
4087808
4087808
4087808
4087808
4087808
4087808
4087808
4087808
4087808
4087808
4087808
4087808
4087808
4087808
4087808
4087808
4087808
4420317184
8739708928
11621154816
13214531584
14047354880
14322196480
14283890688
14442463232
14099320832
14156140544
13518577664
